#X Y Z
0 80 10
0 81 10
0 87 10
0 91 10
0 92 10
0 93 10
1 71 10
1 80 10
1 86 10
1 87 10
1 88 10
1 90 10
1 91 10
1 92 10
1 93 10
2 69 10
2 70 10
2 71 10
2 80 10
2 86 10
2 87 10
2 91 10
2 92 10
2 93 10
2 94 10
3 56 10
3 57 10
3 58 10
3 67 10
3 68 10
3 69 10
3 70 10
3 71 10
3 72 10
3 80 10
3 85 10
3 86 10
3 92 10
3 93 10
3 94 10
3 95 10
3 99 10
4 0 10
4 56 10
4 57 10
4 58 10
4 66 10
4 67 10
4 68 10
4 69 10
4 70 10
4 71 10
4 72 10
4 73 10
4 75 10
4 76 10
4 77 10
4 78 10
4 79 10
4 80 10
4 84 10
4 85 10
4 97 10
4 98 10
4 99 10
5 0 10
5 56 10
5 57 10
5 58 10
5 59 10
5 60 10
5 61 10
5 66 10
5 67 10
5 68 10
5 69 10
5 70 10
5 71 10
5 72 10
5 75 10
5 76 10
5 77 10
5 78 10
5 79 10
5 80 10
5 84 10
5 85 10
5 95 10
5 96 10
5 97 10
5 98 10
5 99 10
6 0 10
6 55 10
6 56 10
6 57 10
6 58 10
6 59 10
6 60 10
6 61 10
6 66 10
6 67 10
6 68 10
6 69 10
6 70 10
6 71 10
6 76 10
6 77 10
6 78 10
6 83 10
6 84 10
6 95 10
6 96 10
6 97 10
6 98 10
6 99 10
7 0 10
7 12 10
7 44 10
7 47 10
7 56 10
7 57 10
7 58 10
7 59 10
7 60 10
7 61 10
7 62 10
7 63 10
7 64 10
7 65 10
7 66 10
7 67 10
7 68 10
7 69 10
7 77 10
7 83 10
7 84 10
7 95 10
7 96 10
7 97 10
7 98 10
7 99 10
8 0 10
8 46 10
8 47 10
8 48 10
8 49 10
8 60 10
8 61 10
8 62 10
8 63 10
8 64 10
8 65 10
8 66 10
8 67 10
8 68 10
8 84 10
8 96 10
8 97 10
8 98 10
8 99 10
9 0 10
9 8 10
9 45 10
9 46 10
9 47 10
9 48 10
9 49 10
9 61 10
9 62 10
9 63 10
9 64 10
9 65 10
9 66 10
9 67 10
9 68 10
10 45 10
10 46 10
10 47 10
10 48 10
10 49 10
10 50 10
10 60 10
10 61 10
10 62 10
10 63 10
10 64 10
10 65 10
10 66 10
10 67 10
10 68 10
10 69 10
11 8 10
11 46 10
11 47 10
11 48 10
11 49 10
11 50 10
11 51 10
11 59 10
11 60 10
11 61 10
11 62 10
11 63 10
11 64 10
11 65 10
11 66 10
11 67 10
11 68 10
11 69 10
11 70 10
11 71 10
11 85 10
11 86 10
12 4 10
12 5 10
12 46 10
12 47 10
12 48 10
12 49 10
12 50 10
12 51 10
12 57 10
12 60 10
12 61 10
12 62 10
12 63 10
12 64 10
12 65 10
12 66 10
12 67 10
12 68 10
12 69 10
12 70 10
12 71 10
12 72 10
12 85 10
12 86 10
12 87 10
12 88 10
13 3 10
13 4 10
13 46 10
13 47 10
13 48 10
13 49 10
13 50 10
13 51 10
13 53 10
13 54 10
13 55 10
13 56 10
13 63 10
13 64 10
13 65 10
13 66 10
13 67 10
13 68 10
13 69 10
13 70 10
13 71 10
13 72 10
13 73 10
13 74 10
13 85 10
13 86 10
13 87 10
13 88 10
13 89 10
14 2 10
14 3 10
14 4 10
14 34 10
14 47 10
14 49 10
14 50 10
14 51 10
14 52 10
14 53 10
14 56 10
14 63 10
14 64 10
14 65 10
14 66 10
14 67 10
14 68 10
14 69 10
14 70 10
14 71 10
14 72 10
14 73 10
14 74 10
14 86 10
14 87 10
14 89 10
14 90 10
14 91 10
14 92 10
14 93 10
14 94 10
15 1 10
15 3 10
15 4 10
15 31 10
15 54 10
15 55 10
15 65 10
15 66 10
15 67 10
15 68 10
15 69 10
15 70 10
15 71 10
15 72 10
15 73 10
15 74 10
15 86 10
15 87 10
15 88 10
15 89 10
15 90 10
15 91 10
15 92 10
15 93 10
15 94 10
16 1 10
16 27 10
16 28 10
16 30 10
16 66 10
16 67 10
16 68 10
16 69 10
16 70 10
16 71 10
16 72 10
16 73 10
16 87 10
16 88 10
16 89 10
16 90 10
16 91 10
16 92 10
16 93 10
16 94 10
16 95 10
16 96 10
16 97 10
17 0 10
17 1 10
17 2 10
17 11 10
17 25 10
17 30 10
17 31 10
17 73 10
17 87 10
17 88 10
17 89 10
17 90 10
17 91 10
17 92 10
17 93 10
17 94 10
17 95 10
17 96 10
17 97 10
17 98 10
18 2 10
18 3 10
18 25 10
18 30 10
18 31 10
18 82 10
18 87 10
18 88 10
18 89 10
18 90 10
18 91 10
18 92 10
18 93 10
18 94 10
18 95 10
18 96 10
18 97 10
18 98 10
18 99 10
19 3 10
19 4 10
19 29 10
19 30 10
19 59 10
19 80 10
19 81 10
19 82 10
19 83 10
19 84 10
19 88 10
19 89 10
19 90 10
19 91 10
19 92 10
19 93 10
19 94 10
19 95 10
19 96 10
19 97 10
19 98 10
19 99 10
20 4 10
20 29 10
20 59 10
20 60 10
20 61 10
20 80 10
20 81 10
20 82 10
20 83 10
20 84 10
20 85 10
20 90 10
20 91 10
20 92 10
20 93 10
20 94 10
20 95 10
20 96 10
20 97 10
20 98 10
20 99 10
21 29 10
21 60 10
21 61 10
21 62 10
21 63 10
21 80 10
21 81 10
21 82 10
21 83 10
21 84 10
21 85 10
21 91 10
21 92 10
21 93 10
21 94 10
21 95 10
21 96 10
21 97 10
21 98 10
21 99 10
22 29 10
22 61 10
22 62 10
22 63 10
22 64 10
22 65 10
22 81 10
22 83 10
22 84 10
22 85 10
22 92 10
22 93 10
22 94 10
22 95 10
22 96 10
22 97 10
22 98 10
22 99 10
23 0 10
23 61 10
23 62 10
23 63 10
23 64 10
23 65 10
23 66 10
23 84 10
23 92 10
23 93 10
23 94 10
23 95 10
23 96 10
23 97 10
23 98 10
23 99 10
24 0 10
24 62 10
24 63 10
24 64 10
24 65 10
24 66 10
24 82 10
24 92 10
24 93 10
24 94 10
24 95 10
24 96 10
24 97 10
24 98 10
24 99 10
25 0 10
25 23 10
25 24 10
25 25 10
25 36 10
25 62 10
25 63 10
25 64 10
25 84 10
25 92 10
25 93 10
25 94 10
25 95 10
25 96 10
25 97 10
25 98 10
25 99 10
26 0 10
26 23 10
26 24 10
26 25 10
26 35 10
26 84 10
26 85 10
26 86 10
26 87 10
26 88 10
26 89 10
26 92 10
26 93 10
26 94 10
26 95 10
26 96 10
26 97 10
26 98 10
26 99 10
27 0 10
27 23 10
27 24 10
27 25 10
27 26 10
27 84 10
27 85 10
27 86 10
27 87 10
27 88 10
27 89 10
27 90 10
27 95 10
27 96 10
27 97 10
27 98 10
27 99 10
28 0 10
28 23 10
28 24 10
28 25 10
28 26 10
28 34 10
28 35 10
28 36 10
28 84 10
28 85 10
28 86 10
28 87 10
28 88 10
28 89 10
28 90 10
28 91 10
28 95 10
28 96 10
29 4 10
29 25 10
29 26 10
29 33 10
29 34 10
29 35 10
29 36 10
29 85 10
29 86 10
29 87 10
29 88 10
29 89 10
29 90 10
29 91 10
29 95 10
30 31 10
30 33 10
30 34 10
30 35 10
30 36 10
30 37 10
30 55 10
30 81 10
30 82 10
30 83 10
30 84 10
30 85 10
30 86 10
30 95 10
31 32 10
31 34 10
31 35 10
31 53 10
31 54 10
31 81 10
31 82 10
31 83 10
31 84 10
31 94 10
32 32 10
32 52 10
32 53 10
32 54 10
32 81 10
32 82 10
32 83 10
32 84 10
32 94 10
33 27 10
33 50 10
33 51 10
33 52 10
33 53 10
33 54 10
33 57 10
33 67 10
33 82 10
33 83 10
33 93 10
34 8 10
34 9 10
34 10 10
34 11 10
34 12 10
34 36 10
34 37 10
34 51 10
34 52 10
34 53 10
34 54 10
34 55 10
34 58 10
34 59 10
34 60 10
34 66 10
34 67 10
34 69 10
34 70 10
34 71 10
34 72 10
35 8 10
35 9 10
35 10 10
35 11 10
35 12 10
35 13 10
35 14 10
35 15 10
35 32 10
35 33 10
35 34 10
35 35 10
35 36 10
35 37 10
35 51 10
35 52 10
35 53 10
35 54 10
35 55 10
35 59 10
35 60 10
35 66 10
35 68 10
35 69 10
35 70 10
35 71 10
35 72 10
35 77 10
35 78 10
35 79 10
35 80 10
35 94 10
35 95 10
35 96 10
36 8 10
36 9 10
36 10 10
36 11 10
36 12 10
36 13 10
36 14 10
36 17 10
36 29 10
36 30 10
36 32 10
36 33 10
36 34 10
36 35 10
36 51 10
36 52 10
36 53 10
36 54 10
36 55 10
36 56 10
36 60 10
36 66 10
36 67 10
36 68 10
36 69 10
36 70 10
36 71 10
36 72 10
36 77 10
36 78 10
36 79 10
36 80 10
36 81 10
36 94 10
36 95 10
36 96 10
37 8 10
37 9 10
37 10 10
37 11 10
37 12 10
37 13 10
37 14 10
37 15 10
37 23 10
37 24 10
37 27 10
37 33 10
37 34 10
37 38 10
37 50 10
37 51 10
37 52 10
37 53 10
37 54 10
37 55 10
37 56 10
37 66 10
37 67 10
37 68 10
37 69 10
37 70 10
37 71 10
37 72 10
37 75 10
37 77 10
37 78 10
37 79 10
37 80 10
37 81 10
37 93 10
37 94 10
37 95 10
37 96 10
38 9 10
38 10 10
38 11 10
38 12 10
38 13 10
38 14 10
38 15 10
38 16 10
38 22 10
38 23 10
38 24 10
38 27 10
38 32 10
38 33 10
38 36 10
38 37 10
38 50 10
38 51 10
38 52 10
38 53 10
38 54 10
38 55 10
38 63 10
38 64 10
38 65 10
38 66 10
38 67 10
38 68 10
38 70 10
38 71 10
38 72 10
38 74 10
38 75 10
38 77 10
38 78 10
38 79 10
38 80 10
38 81 10
38 82 10
38 93 10
38 94 10
38 95 10
38 96 10
38 97 10
38 98 10
39 10 10
39 11 10
39 12 10
39 13 10
39 14 10
39 15 10
39 16 10
39 22 10
39 24 10
39 27 10
39 36 10
39 50 10
39 51 10
39 52 10
39 53 10
39 54 10
39 55 10
39 63 10
39 64 10
39 65 10
39 66 10
39 67 10
39 68 10
39 73 10
39 74 10
39 86 10
39 87 10
39 88 10
39 92 10
39 93 10
39 94 10
39 95 10
39 96 10
39 97 10
39 98 10
39 99 10
40 10 10
40 11 10
40 12 10
40 13 10
40 14 10
40 15 10
40 16 10
40 27 10
40 33 10
40 34 10
40 35 10
40 36 10
40 50 10
40 52 10
40 54 10
40 55 10
40 56 10
40 57 10
40 58 10
40 59 10
40 63 10
40 64 10
40 65 10
40 66 10
40 67 10
40 68 10
40 86 10
40 87 10
40 88 10
40 91 10
40 92 10
40 93 10
40 94 10
40 95 10
40 96 10
40 97 10
40 98 10
40 99 10
41 0 10
41 11 10
41 12 10
41 13 10
41 14 10
41 15 10
41 27 10
41 32 10
41 33 10
41 34 10
41 35 10
41 36 10
41 52 10
41 53 10
41 54 10
41 55 10
41 56 10
41 57 10
41 61 10
41 63 10
41 64 10
41 65 10
41 71 10
41 72 10
41 73 10
41 77 10
41 78 10
41 85 10
41 86 10
41 87 10
41 88 10
41 90 10
41 91 10
41 92 10
41 93 10
41 94 10
41 95 10
41 96 10
41 97 10
41 98 10
41 99 10
42 0 10
42 12 10
42 13 10
42 14 10
42 21 10
42 22 10
42 24 10
42 32 10
42 33 10
42 34 10
42 35 10
42 36 10
42 53 10
42 54 10
42 55 10
42 56 10
42 57 10
42 63 10
42 64 10
42 65 10
42 66 10
42 71 10
42 72 10
42 73 10
42 74 10
42 75 10
42 76 10
42 77 10
42 78 10
42 79 10
42 80 10
42 90 10
42 91 10
42 92 10
42 93 10
42 94 10
42 95 10
42 96 10
42 97 10
42 98 10
42 99 10
43 0 10
43 20 10
43 21 10
43 22 10
43 23 10
43 24 10
43 32 10
43 33 10
43 34 10
43 38 10
43 39 10
43 41 10
43 42 10
43 43 10
43 53 10
43 57 10
43 58 10
43 64 10
43 65 10
43 66 10
43 67 10
43 69 10
43 70 10
43 71 10
43 72 10
43 73 10
43 74 10
43 75 10
43 76 10
43 77 10
43 78 10
43 79 10
43 80 10
43 90 10
43 91 10
43 92 10
43 93 10
43 94 10
43 95 10
43 96 10
43 97 10
43 98 10
43 99 10
44 0 10
44 20 10
44 21 10
44 22 10
44 23 10
44 24 10
44 25 10
44 39 10
44 41 10
44 42 10
44 43 10
44 44 10
44 53 10
44 56 10
44 57 10
44 58 10
44 63 10
44 64 10
44 69 10
44 70 10
44 71 10
44 72 10
44 73 10
44 74 10
44 75 10
44 76 10
44 77 10
44 78 10
44 79 10
44 91 10
44 94 10
44 95 10
44 96 10
44 97 10
44 98 10
44 99 10
45 20 10
45 21 10
45 22 10
45 23 10
45 24 10
45 25 10
45 28 10
45 39 10
45 42 10
45 43 10
45 54 10
45 55 10
45 56 10
45 57 10
45 58 10
45 62 10
45 63 10
45 64 10
45 69 10
45 70 10
45 71 10
45 72 10
45 73 10
45 74 10
45 75 10
45 76 10
45 77 10
45 78 10
45 94 10
45 95 10
45 96 10
45 97 10
45 98 10
46 20 10
46 21 10
46 22 10
46 23 10
46 24 10
46 25 10
46 26 10
46 27 10
46 28 10
46 33 10
46 40 10
46 50 10
46 51 10
46 52 10
46 53 10
46 54 10
46 55 10
46 56 10
46 57 10
46 62 10
46 63 10
46 64 10
46 70 10
46 71 10
46 72 10
46 73 10
46 74 10
46 75 10
46 76 10
46 77 10
46 78 10
46 89 10
46 90 10
46 94 10
47 20 10
47 21 10
47 22 10
47 23 10
47 24 10
47 25 10
47 26 10
47 27 10
47 29 10
47 30 10
47 32 10
47 33 10
47 50 10
47 52 10
47 53 10
47 54 10
47 55 10
47 56 10
47 57 10
47 63 10
47 64 10
47 70 10
47 71 10
47 72 10
47 73 10
47 74 10
47 75 10
47 76 10
47 77 10
47 81 10
47 82 10
47 83 10
47 84 10
47 87 10
47 88 10
47 89 10
47 90 10
48 21 10
48 22 10
48 23 10
48 25 10
48 26 10
48 27 10
48 28 10
48 29 10
48 30 10
48 32 10
48 33 10
48 34 10
48 40 10
48 50 10
48 52 10
48 54 10
48 55 10
48 56 10
48 57 10
48 59 10
48 62 10
48 63 10
48 64 10
48 70 10
48 71 10
48 72 10
48 73 10
48 74 10
48 79 10
48 80 10
48 81 10
48 82 10
48 83 10
48 84 10
48 85 10
48 86 10
48 87 10
48 88 10
48 89 10
48 90 10
48 91 10
49 27 10
49 28 10
49 29 10
49 30 10
49 31 10
49 33 10
49 34 10
49 38 10
49 39 10
49 41 10
49 55 10
49 56 10
49 57 10
49 58 10
49 62 10
49 63 10
49 64 10
49 70 10
49 71 10
49 72 10
49 73 10
49 74 10
49 75 10
49 78 10
49 80 10
49 81 10
49 82 10
49 83 10
49 84 10
49 85 10
49 86 10
49 87 10
49 88 10
49 89 10
49 90 10
49 91 10
49 92 10
50 29 10
50 30 10
50 31 10
50 38 10
50 39 10
50 40 10
50 55 10
50 56 10
50 57 10
50 62 10
50 63 10
50 64 10
50 67 10
50 70 10
50 71 10
50 72 10
50 73 10
50 74 10
50 75 10
50 76 10
50 77 10
50 78 10
50 79 10
50 80 10
50 81 10
50 82 10
50 83 10
50 84 10
50 85 10
50 86 10
50 87 10
50 88 10
50 89 10
50 90 10
50 91 10
51 26 10
51 27 10
51 28 10
51 30 10
51 31 10
51 38 10
51 39 10
51 40 10
51 43 10
51 44 10
51 45 10
51 51 10
51 52 10
51 53 10
51 54 10
51 55 10
51 56 10
51 59 10
51 62 10
51 63 10
51 70 10
51 71 10
51 72 10
51 75 10
51 76 10
51 77 10
51 78 10
51 79 10
51 80 10
51 81 10
51 82 10
51 83 10
51 84 10
51 85 10
51 86 10
51 87 10
51 88 10
51 89 10
51 90 10
52 25 10
52 26 10
52 27 10
52 28 10
52 36 10
52 43 10
52 44 10
52 48 10
52 49 10
52 50 10
52 51 10
52 52 10
52 53 10
52 54 10
52 55 10
52 59 10
52 60 10
52 61 10
52 62 10
52 63 10
52 69 10
52 70 10
52 71 10
52 72 10
52 73 10
52 75 10
52 76 10
52 77 10
52 78 10
52 79 10
52 80 10
52 81 10
52 82 10
52 83 10
52 88 10
53 28 10
53 35 10
53 36 10
53 37 10
53 43 10
53 44 10
53 45 10
53 48 10
53 49 10
53 50 10
53 51 10
53 54 10
53 55 10
53 56 10
53 60 10
53 61 10
53 67 10
53 72 10
53 74 10
53 76 10
53 77 10
53 78 10
53 79 10
53 80 10
53 81 10
54 26 10
54 27 10
54 33 10
54 34 10
54 35 10
54 36 10
54 37 10
54 45 10
54 46 10
54 48 10
54 49 10
54 50 10
54 51 10
54 54 10
54 55 10
54 56 10
54 59 10
54 60 10
54 61 10
54 66 10
54 67 10
54 68 10
54 77 10
54 78 10
54 79 10
54 80 10
54 81 10
54 82 10
55 26 10
55 33 10
55 34 10
55 35 10
55 36 10
55 37 10
55 38 10
55 39 10
55 44 10
55 45 10
55 46 10
55 47 10
55 54 10
55 55 10
55 56 10
55 59 10
55 60 10
55 61 10
55 62 10
55 66 10
55 67 10
55 68 10
55 69 10
55 78 10
55 80 10
55 81 10
56 23 10
56 25 10
56 33 10
56 34 10
56 35 10
56 36 10
56 37 10
56 38 10
56 39 10
56 40 10
56 44 10
56 45 10
56 46 10
56 47 10
56 56 10
56 59 10
56 61 10
56 62 10
56 68 10
56 69 10
56 70 10
56 79 10
57 23 10
57 33 10
57 34 10
57 35 10
57 36 10
57 39 10
57 40 10
57 43 10
57 44 10
57 45 10
57 46 10
57 47 10
57 54 10
57 59 10
57 60 10
57 68 10
57 69 10
57 70 10
58 34 10
58 35 10
58 36 10
58 45 10
58 46 10
58 52 10
58 53 10
58 54 10
58 57 10
58 59 10
58 60 10
58 61 10
58 68 10
58 69 10
59 3 10
59 12 10
59 14 10
59 15 10
59 36 10
59 52 10
59 53 10
59 54 10
59 56 10
59 58 10
59 59 10
59 60 10
59 61 10
59 62 10
59 65 10
59 69 10
59 70 10
60 11 10
60 12 10
60 13 10
60 14 10
60 15 10
60 44 10
60 45 10
60 46 10
60 49 10
60 57 10
60 58 10
60 59 10
60 60 10
60 62 10
60 63 10
60 64 10
60 65 10
60 66 10
60 67 10
60 68 10
60 69 10
60 70 10
60 71 10
60 73 10
60 74 10
60 75 10
60 76 10
61 10 10
61 11 10
61 12 10
61 13 10
61 14 10
61 15 10
61 43 10
61 44 10
61 45 10
61 46 10
61 49 10
61 52 10
61 56 10
61 57 10
61 58 10
61 59 10
61 62 10
61 63 10
61 64 10
61 65 10
61 66 10
61 67 10
61 68 10
61 69 10
61 70 10
61 71 10
61 72 10
61 73 10
61 74 10
61 75 10
61 76 10
61 77 10
61 78 10
61 79 10
62 10 10
62 11 10
62 12 10
62 13 10
62 14 10
62 15 10
62 16 10
62 42 10
62 43 10
62 44 10
62 45 10
62 46 10
62 47 10
62 48 10
62 49 10
62 51 10
62 52 10
62 53 10
62 56 10
62 57 10
62 58 10
62 62 10
62 63 10
62 64 10
62 65 10
62 66 10
62 67 10
62 68 10
62 69 10
62 70 10
62 71 10
62 72 10
62 77 10
62 78 10
62 79 10
62 80 10
62 95 10
63 10 10
63 11 10
63 12 10
63 13 10
63 14 10
63 15 10
63 41 10
63 42 10
63 43 10
63 44 10
63 45 10
63 46 10
63 47 10
63 48 10
63 51 10
63 52 10
63 53 10
63 61 10
63 62 10
63 65 10
63 66 10
63 67 10
63 68 10
63 69 10
63 70 10
63 71 10
63 72 10
63 73 10
63 74 10
63 75 10
63 77 10
63 78 10
63 79 10
63 80 10
63 81 10
63 95 10
63 96 10
63 97 10
64 8 10
64 10 10
64 11 10
64 12 10
64 13 10
64 14 10
64 18 10
64 19 10
64 20 10
64 28 10
64 29 10
64 44 10
64 45 10
64 46 10
64 47 10
64 48 10
64 49 10
64 50 10
64 51 10
64 52 10
64 53 10
64 60 10
64 61 10
64 62 10
64 65 10
64 66 10
64 68 10
64 69 10
64 70 10
64 71 10
64 72 10
64 73 10
64 74 10
64 75 10
64 78 10
64 79 10
64 80 10
64 81 10
64 82 10
64 95 10
64 96 10
64 97 10
64 98 10
64 99 10
65 0 10
65 10 10
65 11 10
65 12 10
65 13 10
65 14 10
65 17 10
65 18 10
65 19 10
65 20 10
65 21 10
65 28 10
65 29 10
65 30 10
65 31 10
65 32 10
65 37 10
65 38 10
65 39 10
65 40 10
65 45 10
65 46 10
65 47 10
65 48 10
65 49 10
65 50 10
65 51 10
65 52 10
65 53 10
65 56 10
65 57 10
65 58 10
65 59 10
65 60 10
65 61 10
65 62 10
65 64 10
65 65 10
65 68 10
65 69 10
65 70 10
65 71 10
65 72 10
65 73 10
65 74 10
65 78 10
65 79 10
65 80 10
65 81 10
65 91 10
65 92 10
65 95 10
65 96 10
65 98 10
65 99 10
66 0 10
66 10 10
66 11 10
66 12 10
66 13 10
66 14 10
66 17 10
66 18 10
66 19 10
66 20 10
66 21 10
66 28 10
66 29 10
66 30 10
66 31 10
66 32 10
66 37 10
66 38 10
66 39 10
66 40 10
66 45 10
66 46 10
66 47 10
66 52 10
66 56 10
66 57 10
66 58 10
66 59 10
66 60 10
66 65 10
66 66 10
66 69 10
66 70 10
66 71 10
66 72 10
66 73 10
66 76 10
66 80 10
66 90 10
66 91 10
66 92 10
66 93 10
66 94 10
66 95 10
66 96 10
66 99 10
67 0 10
67 8 10
67 10 10
67 11 10
67 12 10
67 13 10
67 14 10
67 17 10
67 18 10
67 19 10
67 20 10
67 21 10
67 28 10
67 29 10
67 30 10
67 31 10
67 36 10
67 37 10
67 38 10
67 39 10
67 40 10
67 46 10
67 56 10
67 57 10
67 58 10
67 59 10
67 60 10
67 72 10
67 75 10
67 90 10
67 91 10
67 92 10
67 93 10
67 94 10
67 95 10
67 96 10
68 8 10
68 9 10
68 10 10
68 11 10
68 12 10
68 13 10
68 19 10
68 20 10
68 28 10
68 29 10
68 30 10
68 31 10
68 35 10
68 36 10
68 37 10
68 38 10
68 56 10
68 57 10
68 59 10
68 60 10
68 61 10
68 68 10
68 69 10
68 70 10
68 71 10
68 76 10
68 77 10
68 78 10
68 82 10
68 83 10
68 84 10
68 88 10
68 89 10
68 90 10
68 91 10
68 92 10
68 93 10
68 94 10
68 95 10
68 96 10
68 97 10
69 8 10
69 9 10
69 10 10
69 11 10
69 12 10
69 13 10
69 14 10
69 27 10
69 28 10
69 29 10
69 30 10
69 31 10
69 35 10
69 36 10
69 37 10
69 38 10
69 55 10
69 56 10
69 57 10
69 58 10
69 59 10
69 60 10
69 61 10
69 67 10
69 68 10
69 69 10
69 70 10
69 71 10
69 72 10
69 73 10
69 74 10
69 75 10
69 76 10
69 77 10
69 78 10
69 81 10
69 82 10
69 83 10
69 84 10
69 87 10
69 88 10
69 89 10
69 90 10
69 91 10
69 92 10
69 93 10
69 94 10
69 95 10
69 96 10
69 97 10
69 98 10
69 99 10
70 7 10
70 8 10
70 9 10
70 10 10
70 11 10
70 12 10
70 13 10
70 14 10
70 16 10
70 17 10
70 27 10
70 28 10
70 29 10
70 30 10
70 31 10
70 32 10
70 35 10
70 36 10
70 37 10
70 38 10
70 55 10
70 56 10
70 57 10
70 58 10
70 59 10
70 60 10
70 61 10
70 67 10
70 68 10
70 69 10
70 70 10
70 71 10
70 75 10
70 76 10
70 77 10
70 78 10
70 82 10
70 83 10
70 84 10
70 87 10
70 88 10
70 89 10
70 90 10
70 94 10
70 95 10
70 96 10
70 97 10
70 98 10
70 99 10
71 7 10
71 8 10
71 9 10
71 10 10
71 11 10
71 12 10
71 13 10
71 14 10
71 18 10
71 19 10
71 27 10
71 28 10
71 29 10
71 30 10
71 31 10
71 32 10
71 36 10
71 37 10
71 38 10
71 39 10
71 56 10
71 57 10
71 58 10
71 59 10
71 61 10
71 65 10
71 66 10
71 67 10
71 70 10
71 71 10
71 75 10
71 76 10
71 77 10
71 78 10
71 81 10
71 82 10
71 83 10
71 84 10
71 85 10
71 86 10
71 87 10
71 88 10
71 89 10
71 90 10
71 94 10
71 95 10
71 96 10
71 97 10
71 98 10
71 99 10
72 6 10
72 7 10
72 8 10
72 9 10
72 10 10
72 11 10
72 12 10
72 13 10
72 14 10
72 27 10
72 28 10
72 29 10
72 30 10
72 31 10
72 32 10
72 39 10
72 40 10
72 56 10
72 57 10
72 65 10
72 66 10
72 71 10
72 75 10
72 76 10
72 80 10
72 83 10
72 84 10
72 85 10
72 86 10
72 87 10
72 88 10
72 89 10
72 90 10
72 95 10
72 96 10
72 97 10
72 98 10
72 99 10
73 6 10
73 7 10
73 8 10
73 9 10
73 10 10
73 11 10
73 12 10
73 13 10
73 42 10
73 43 10
73 44 10
73 49 10
73 57 10
73 65 10
73 66 10
73 71 10
73 72 10
73 73 10
73 74 10
73 75 10
73 76 10
73 80 10
73 82 10
73 83 10
73 84 10
73 85 10
73 86 10
73 87 10
73 88 10
73 89 10
73 90 10
73 91 10
74 7 10
74 8 10
74 9 10
74 10 10
74 11 10
74 12 10
74 13 10
74 14 10
74 25 10
74 39 10
74 40 10
74 41 10
74 42 10
74 43 10
74 44 10
74 45 10
74 49 10
74 65 10
74 66 10
74 67 10
74 68 10
74 69 10
74 71 10
74 72 10
74 73 10
74 74 10
74 75 10
74 76 10
74 80 10
74 81 10
74 82 10
74 83 10
74 84 10
74 85 10
74 86 10
74 88 10
74 89 10
74 90 10
74 91 10
74 92 10
75 7 10
75 8 10
75 9 10
75 10 10
75 11 10
75 12 10
75 13 10
75 14 10
75 25 10
75 39 10
75 40 10
75 41 10
75 42 10
75 43 10
75 44 10
75 45 10
75 46 10
75 49 10
75 51 10
75 52 10
75 53 10
75 54 10
75 59 10
75 65 10
75 67 10
75 69 10
75 70 10
75 71 10
75 72 10
75 73 10
75 74 10
75 75 10
75 76 10
75 77 10
75 80 10
75 81 10
75 82 10
75 83 10
75 84 10
75 85 10
75 86 10
75 88 10
75 90 10
75 91 10
76 7 10
76 8 10
76 9 10
76 10 10
76 11 10
76 12 10
76 13 10
76 14 10
76 40 10
76 41 10
76 42 10
76 43 10
76 44 10
76 45 10
76 50 10
76 51 10
76 52 10
76 53 10
76 54 10
76 58 10
76 59 10
76 60 10
76 69 10
76 70 10
76 71 10
76 72 10
76 73 10
76 74 10
76 75 10
76 76 10
76 77 10
76 81 10
76 82 10
76 83 10
76 84 10
76 85 10
76 86 10
76 87 10
76 88 10
76 89 10
76 90 10
76 91 10
76 92 10
77 9 10
77 10 10
77 11 10
77 12 10
77 13 10
77 41 10
77 44 10
77 57 10
77 58 10
77 59 10
77 60 10
77 61 10
77 62 10
77 69 10
77 70 10
77 71 10
77 75 10
77 76 10
77 84 10
77 85 10
77 86 10
77 87 10
77 88 10
77 89 10
77 90 10
77 91 10
77 92 10
77 93 10
78 3 10
78 4 10
78 33 10
78 34 10
78 56 10
78 57 10
78 58 10
78 59 10
78 60 10
78 61 10
78 62 10
78 74 10
78 75 10
78 76 10
78 77 10
78 84 10
78 85 10
78 86 10
78 87 10
78 88 10
78 89 10
78 90 10
78 91 10
78 92 10
78 93 10
78 94 10
79 33 10
79 46 10
79 47 10
79 48 10
79 55 10
79 56 10
79 57 10
79 58 10
79 59 10
79 60 10
79 61 10
79 62 10
79 70 10
79 71 10
79 72 10
79 74 10
79 75 10
79 76 10
79 77 10
79 84 10
79 85 10
79 86 10
79 88 10
79 89 10
79 90 10
79 91 10
79 92 10
79 93 10
80 45 10
80 46 10
80 47 10
80 48 10
80 49 10
80 52 10
80 53 10
80 55 10
80 59 10
80 60 10
80 61 10
80 62 10
80 70 10
80 71 10
80 72 10
80 74 10
80 75 10
80 88 10
80 89 10
80 90 10
80 91 10
81 38 10
81 45 10
81 46 10
81 47 10
81 48 10
81 49 10
81 50 10
81 51 10
81 52 10
81 53 10
81 55 10
81 56 10
81 59 10
81 70 10
81 71 10
81 72 10
81 73 10
81 74 10
81 88 10
81 89 10
81 90 10
81 91 10
82 38 10
82 39 10
82 45 10
82 46 10
82 47 10
82 48 10
82 49 10
82 50 10
82 51 10
82 52 10
82 53 10
82 54 10
82 55 10
82 56 10
82 57 10
82 70 10
82 72 10
82 73 10
82 74 10
82 88 10
82 89 10
82 90 10
82 91 10
83 35 10
83 36 10
83 37 10
83 38 10
83 39 10
83 40 10
83 41 10
83 42 10
83 43 10
83 45 10
83 46 10
83 47 10
83 48 10
83 49 10
83 50 10
83 51 10
83 52 10
83 53 10
83 54 10
83 55 10
83 56 10
83 57 10
83 69 10
83 72 10
83 73 10
83 74 10
83 87 10
84 34 10
84 35 10
84 36 10
84 37 10
84 38 10
84 39 10
84 40 10
84 41 10
84 42 10
84 43 10
84 46 10
84 47 10
84 48 10
84 49 10
84 50 10
84 51 10
84 52 10
84 54 10
84 56 10
84 57 10
84 58 10
84 71 10
84 72 10
84 73 10
84 75 10
84 87 10
85 20 10
85 21 10
85 22 10
85 33 10
85 34 10
85 35 10
85 36 10
85 37 10
85 38 10
85 39 10
85 40 10
85 41 10
85 42 10
85 46 10
85 47 10
85 48 10
85 49 10
85 56 10
85 57 10
85 60 10
85 63 10
86 1 10
86 18 10
86 19 10
86 20 10
86 21 10
86 22 10
86 33 10
86 34 10
86 35 10
86 36 10
86 37 10
86 38 10
86 39 10
86 40 10
86 46 10
86 47 10
86 48 10
86 49 10
86 54 10
86 77 10
86 92 10
87 1 10
87 18 10
87 19 10
87 20 10
87 21 10
87 22 10
87 33 10
87 34 10
87 35 10
87 36 10
87 37 10
87 38 10
87 47 10
87 48 10
87 53 10
87 54 10
87 55 10
87 58 10
87 75 10
87 92 10
87 93 10
88 1 10
88 18 10
88 19 10
88 20 10
88 21 10
88 31 10
88 34 10
88 35 10
88 36 10
88 37 10
88 53 10
88 54 10
88 58 10
88 59 10
88 72 10
88 73 10
88 75 10
89 1 10
89 18 10
89 19 10
89 20 10
89 30 10
89 31 10
89 53 10
89 54 10
89 55 10
89 58 10
89 59 10
89 60 10
89 67 10
89 72 10
89 73 10
89 74 10
89 76 10
89 77 10
90 18 10
90 19 10
90 67 10
90 71 10
90 72 10
90 73 10
90 74 10
91 67 10
91 71 10
91 72 10
91 73 10
91 74 10
92 71 10
92 72 10
92 73 10
92 98 10
92 99 10
93 0 10
93 71 10
93 72 10
93 98 10
93 99 10
94 0 10
94 97 10
94 98 10
94 99 10
95 0 10
95 97 10
95 98 10
95 99 10
96 0 10
96 57 10
96 58 10
96 59 10
96 60 10
96 97 10
96 98 10
96 99 10
97 0 10
97 56 10
97 57 10
97 58 10
97 59 10
97 60 10
97 61 10
97 62 10
97 66 10
97 67 10
97 98 10
97 99 10
98 0 10
98 56 10
98 57 10
98 58 10
98 59 10
98 60 10
98 61 10
98 62 10
98 64 10
98 65 10
98 66 10
98 67 10
98 68 10
99 0 10
99 35 10
99 36 10
99 37 10
99 57 10
99 58 10
99 59 10
99 60 10
99 61 10
99 62 10
99 63 10
99 64 10
99 65 10
99 66 10
99 67 10
99 68 10
75 22 20
75 23 20
90 43 30
91 39 30
91 40 30
91 41 30
91 42 30
91 43 30
92 40 30
92 41 30
92 42 30
92 43 30
93 40 30
93 41 30
93 42 30
93 43 30
94 41 30
94 42 30
95 40 30
95 42 30
