#X Y Z
41 0 10
42 0 10
43 0 10
44 0 10
45 0 10
46 0 10
47 0 10
48 0 10
49 0 10
56 0 10
57 0 10
58 0 10
59 0 10
60 0 10
61 0 10
62 0 10
63 0 10
64 0 10
65 0 10
66 0 10
67 0 10
68 0 10
69 0 10
74 0 10
75 0 10
76 0 10
77 0 10
78 0 10
79 0 10
92 0 10
93 0 10
94 0 10
95 0 10
96 0 10
97 0 10
98 0 10
99 0 10
0 1 10
41 1 10
42 1 10
43 1 10
44 1 10
45 1 10
46 1 10
47 1 10
48 1 10
49 1 10
50 1 10
51 1 10
52 1 10
53 1 10
54 1 10
55 1 10
56 1 10
57 1 10
58 1 10
59 1 10
60 1 10
61 1 10
62 1 10
63 1 10
64 1 10
65 1 10
66 1 10
67 1 10
68 1 10
69 1 10
70 1 10
72 1 10
73 1 10
74 1 10
75 1 10
76 1 10
77 1 10
78 1 10
79 1 10
86 1 10
87 1 10
91 1 10
92 1 10
93 1 10
94 1 10
95 1 10
96 1 10
97 1 10
98 1 10
99 1 10
0 2 10
40 2 10
41 2 10
42 2 10
43 2 10
44 2 10
45 2 10
46 2 10
47 2 10
48 2 10
49 2 10
50 2 10
51 2 10
52 2 10
53 2 10
54 2 10
55 2 10
57 2 10
58 2 10
59 2 10
60 2 10
61 2 10
62 2 10
63 2 10
64 2 10
65 2 10
66 2 10
67 2 10
68 2 10
69 2 10
70 2 10
71 2 10
72 2 10
73 2 10
74 2 10
75 2 10
76 2 10
77 2 10
78 2 10
79 2 10
85 2 10
86 2 10
92 2 10
93 2 10
94 2 10
95 2 10
96 2 10
97 2 10
98 2 10
99 2 10
0 3 10
38 3 10
39 3 10
40 3 10
41 3 10
42 3 10
43 3 10
44 3 10
45 3 10
46 3 10
47 3 10
48 3 10
49 3 10
50 3 10
51 3 10
52 3 10
53 3 10
54 3 10
55 3 10
57 3 10
58 3 10
59 3 10
60 3 10
61 3 10
62 3 10
63 3 10
64 3 10
65 3 10
66 3 10
67 3 10
68 3 10
69 3 10
70 3 10
71 3 10
72 3 10
73 3 10
74 3 10
75 3 10
76 3 10
78 3 10
79 3 10
84 3 10
85 3 10
86 3 10
93 3 10
94 3 10
95 3 10
96 3 10
97 3 10
98 3 10
99 3 10
37 4 10
38 4 10
39 4 10
40 4 10
41 4 10
42 4 10
44 4 10
45 4 10
46 4 10
47 4 10
48 4 10
49 4 10
50 4 10
51 4 10
52 4 10
53 4 10
54 4 10
55 4 10
56 4 10
57 4 10
58 4 10
59 4 10
60 4 10
61 4 10
62 4 10
63 4 10
64 4 10
65 4 10
66 4 10
67 4 10
68 4 10
69 4 10
70 4 10
71 4 10
83 4 10
84 4 10
85 4 10
94 4 10
95 4 10
96 4 10
97 4 10
98 4 10
99 4 10
0 5 10
37 5 10
38 5 10
39 5 10
40 5 10
41 5 10
42 5 10
43 5 10
44 5 10
45 5 10
46 5 10
47 5 10
48 5 10
49 5 10
50 5 10
51 5 10
52 5 10
53 5 10
54 5 10
55 5 10
56 5 10
57 5 10
58 5 10
59 5 10
60 5 10
61 5 10
62 5 10
63 5 10
64 5 10
65 5 10
66 5 10
67 5 10
68 5 10
69 5 10
70 5 10
71 5 10
72 5 10
73 5 10
74 5 10
75 5 10
80 5 10
82 5 10
83 5 10
84 5 10
85 5 10
95 5 10
98 5 10
99 5 10
0 6 10
36 6 10
37 6 10
38 6 10
39 6 10
40 6 10
41 6 10
42 6 10
43 6 10
44 6 10
45 6 10
46 6 10
47 6 10
48 6 10
49 6 10
50 6 10
51 6 10
52 6 10
53 6 10
54 6 10
55 6 10
56 6 10
57 6 10
58 6 10
59 6 10
60 6 10
61 6 10
62 6 10
63 6 10
64 6 10
65 6 10
66 6 10
67 6 10
68 6 10
69 6 10
70 6 10
71 6 10
72 6 10
73 6 10
74 6 10
75 6 10
76 6 10
77 6 10
78 6 10
80 6 10
81 6 10
82 6 10
83 6 10
84 6 10
95 6 10
98 6 10
99 6 10
0 7 10
35 7 10
36 7 10
37 7 10
38 7 10
39 7 10
40 7 10
41 7 10
42 7 10
43 7 10
44 7 10
45 7 10
46 7 10
47 7 10
48 7 10
49 7 10
50 7 10
51 7 10
52 7 10
53 7 10
54 7 10
55 7 10
56 7 10
57 7 10
58 7 10
59 7 10
60 7 10
61 7 10
62 7 10
63 7 10
64 7 10
65 7 10
66 7 10
67 7 10
68 7 10
69 7 10
70 7 10
71 7 10
72 7 10
73 7 10
74 7 10
75 7 10
76 7 10
77 7 10
78 7 10
79 7 10
80 7 10
81 7 10
82 7 10
83 7 10
84 7 10
94 7 10
95 7 10
99 7 10
0 8 10
35 8 10
36 8 10
37 8 10
38 8 10
39 8 10
40 8 10
41 8 10
42 8 10
43 8 10
44 8 10
45 8 10
46 8 10
47 8 10
48 8 10
49 8 10
50 8 10
51 8 10
52 8 10
53 8 10
54 8 10
55 8 10
56 8 10
57 8 10
58 8 10
59 8 10
60 8 10
61 8 10
62 8 10
63 8 10
64 8 10
65 8 10
66 8 10
67 8 10
68 8 10
69 8 10
70 8 10
71 8 10
72 8 10
73 8 10
74 8 10
75 8 10
76 8 10
77 8 10
78 8 10
79 8 10
80 8 10
81 8 10
82 8 10
83 8 10
84 8 10
94 8 10
95 8 10
97 8 10
98 8 10
34 9 10
35 9 10
36 9 10
37 9 10
38 9 10
39 9 10
40 9 10
41 9 10
42 9 10
43 9 10
44 9 10
45 9 10
46 9 10
47 9 10
48 9 10
49 9 10
50 9 10
51 9 10
52 9 10
53 9 10
54 9 10
55 9 10
56 9 10
57 9 10
58 9 10
59 9 10
60 9 10
61 9 10
62 9 10
63 9 10
64 9 10
65 9 10
66 9 10
67 9 10
68 9 10
69 9 10
70 9 10
71 9 10
72 9 10
73 9 10
74 9 10
75 9 10
76 9 10
77 9 10
78 9 10
79 9 10
80 9 10
81 9 10
82 9 10
83 9 10
84 9 10
96 9 10
97 9 10
98 9 10
99 9 10
0 10 10
24 10 10
34 10 10
35 10 10
36 10 10
37 10 10
38 10 10
39 10 10
40 10 10
41 10 10
42 10 10
43 10 10
44 10 10
45 10 10
46 10 10
47 10 10
48 10 10
49 10 10
50 10 10
51 10 10
52 10 10
53 10 10
54 10 10
55 10 10
56 10 10
57 10 10
58 10 10
59 10 10
60 10 10
61 10 10
62 10 10
63 10 10
64 10 10
65 10 10
66 10 10
67 10 10
68 10 10
69 10 10
70 10 10
71 10 10
72 10 10
73 10 10
74 10 10
75 10 10
76 10 10
77 10 10
78 10 10
79 10 10
80 10 10
81 10 10
82 10 10
83 10 10
84 10 10
97 10 10
98 10 10
99 10 10
0 11 10
31 11 10
34 11 10
35 11 10
36 11 10
37 11 10
38 11 10
39 11 10
40 11 10
41 11 10
42 11 10
43 11 10
44 11 10
45 11 10
46 11 10
47 11 10
48 11 10
49 11 10
50 11 10
51 11 10
52 11 10
53 11 10
54 11 10
55 11 10
56 11 10
57 11 10
58 11 10
59 11 10
60 11 10
61 11 10
62 11 10
63 11 10
64 11 10
65 11 10
66 11 10
67 11 10
68 11 10
69 11 10
70 11 10
71 11 10
72 11 10
73 11 10
74 11 10
75 11 10
76 11 10
77 11 10
78 11 10
79 11 10
80 11 10
81 11 10
82 11 10
83 11 10
84 11 10
85 11 10
86 11 10
91 11 10
92 11 10
97 11 10
98 11 10
99 11 10
0 12 10
28 12 10
35 12 10
36 12 10
37 12 10
38 12 10
39 12 10
40 12 10
41 12 10
42 12 10
43 12 10
44 12 10
45 12 10
46 12 10
47 12 10
48 12 10
49 12 10
50 12 10
51 12 10
52 12 10
53 12 10
54 12 10
55 12 10
56 12 10
57 12 10
58 12 10
59 12 10
60 12 10
61 12 10
62 12 10
63 12 10
64 12 10
65 12 10
66 12 10
67 12 10
68 12 10
69 12 10
70 12 10
71 12 10
72 12 10
74 12 10
75 12 10
77 12 10
78 12 10
79 12 10
80 12 10
81 12 10
82 12 10
83 12 10
84 12 10
85 12 10
86 12 10
87 12 10
88 12 10
91 12 10
92 12 10
93 12 10
97 12 10
98 12 10
99 12 10
0 13 10
28 13 10
36 13 10
37 13 10
38 13 10
39 13 10
40 13 10
41 13 10
42 13 10
43 13 10
44 13 10
45 13 10
46 13 10
47 13 10
48 13 10
49 13 10
50 13 10
51 13 10
52 13 10
53 13 10
54 13 10
55 13 10
56 13 10
57 13 10
58 13 10
59 13 10
60 13 10
62 13 10
63 13 10
64 13 10
65 13 10
66 13 10
67 13 10
68 13 10
69 13 10
70 13 10
71 13 10
72 13 10
73 13 10
76 13 10
77 13 10
78 13 10
79 13 10
80 13 10
81 13 10
82 13 10
83 13 10
84 13 10
85 13 10
86 13 10
87 13 10
88 13 10
89 13 10
90 13 10
91 13 10
92 13 10
93 13 10
94 13 10
95 13 10
96 13 10
97 13 10
98 13 10
99 13 10
0 14 10
18 14 10
19 14 10
27 14 10
28 14 10
37 14 10
39 14 10
40 14 10
41 14 10
42 14 10
43 14 10
44 14 10
45 14 10
46 14 10
47 14 10
48 14 10
49 14 10
50 14 10
51 14 10
52 14 10
53 14 10
54 14 10
55 14 10
56 14 10
57 14 10
58 14 10
59 14 10
60 14 10
64 14 10
65 14 10
66 14 10
67 14 10
68 14 10
69 14 10
70 14 10
71 14 10
72 14 10
73 14 10
74 14 10
75 14 10
76 14 10
77 14 10
78 14 10
79 14 10
80 14 10
81 14 10
82 14 10
83 14 10
84 14 10
85 14 10
86 14 10
87 14 10
88 14 10
89 14 10
90 14 10
91 14 10
92 14 10
93 14 10
94 14 10
95 14 10
96 14 10
97 14 10
98 14 10
99 14 10
16 15 10
17 15 10
18 15 10
19 15 10
21 15 10
22 15 10
23 15 10
24 15 10
25 15 10
26 15 10
27 15 10
28 15 10
29 15 10
30 15 10
35 15 10
40 15 10
41 15 10
42 15 10
43 15 10
44 15 10
45 15 10
46 15 10
47 15 10
48 15 10
49 15 10
50 15 10
51 15 10
52 15 10
53 15 10
54 15 10
55 15 10
56 15 10
57 15 10
58 15 10
59 15 10
65 15 10
66 15 10
67 15 10
68 15 10
69 15 10
70 15 10
71 15 10
72 15 10
73 15 10
74 15 10
75 15 10
76 15 10
77 15 10
78 15 10
79 15 10
80 15 10
81 15 10
82 15 10
83 15 10
84 15 10
85 15 10
86 15 10
87 15 10
88 15 10
89 15 10
90 15 10
91 15 10
92 15 10
93 15 10
94 15 10
95 15 10
96 15 10
97 15 10
98 15 10
99 15 10
0 16 10
15 16 10
16 16 10
17 16 10
18 16 10
19 16 10
22 16 10
23 16 10
24 16 10
25 16 10
26 16 10
27 16 10
29 16 10
37 16 10
38 16 10
39 16 10
41 16 10
42 16 10
43 16 10
44 16 10
45 16 10
46 16 10
47 16 10
48 16 10
49 16 10
50 16 10
51 16 10
52 16 10
53 16 10
54 16 10
55 16 10
56 16 10
57 16 10
58 16 10
59 16 10
66 16 10
67 16 10
68 16 10
69 16 10
70 16 10
71 16 10
72 16 10
73 16 10
74 16 10
75 16 10
76 16 10
77 16 10
78 16 10
79 16 10
80 16 10
81 16 10
82 16 10
83 16 10
84 16 10
85 16 10
86 16 10
87 16 10
88 16 10
89 16 10
90 16 10
91 16 10
92 16 10
93 16 10
94 16 10
95 16 10
96 16 10
97 16 10
98 16 10
99 16 10
0 17 10
14 17 10
15 17 10
16 17 10
17 17 10
18 17 10
19 17 10
23 17 10
26 17 10
27 17 10
28 17 10
29 17 10
37 17 10
38 17 10
39 17 10
41 17 10
42 17 10
43 17 10
44 17 10
45 17 10
46 17 10
47 17 10
48 17 10
49 17 10
50 17 10
51 17 10
52 17 10
53 17 10
54 17 10
55 17 10
56 17 10
57 17 10
58 17 10
59 17 10
66 17 10
67 17 10
68 17 10
69 17 10
70 17 10
71 17 10
72 17 10
73 17 10
74 17 10
75 17 10
76 17 10
77 17 10
78 17 10
79 17 10
80 17 10
81 17 10
82 17 10
83 17 10
84 17 10
85 17 10
86 17 10
87 17 10
88 17 10
89 17 10
90 17 10
91 17 10
92 17 10
93 17 10
94 17 10
95 17 10
96 17 10
97 17 10
98 17 10
99 17 10
0 18 10
14 18 10
15 18 10
16 18 10
17 18 10
18 18 10
19 18 10
25 18 10
26 18 10
27 18 10
28 18 10
29 18 10
36 18 10
37 18 10
38 18 10
39 18 10
40 18 10
41 18 10
42 18 10
43 18 10
44 18 10
45 18 10
46 18 10
47 18 10
48 18 10
49 18 10
50 18 10
51 18 10
52 18 10
53 18 10
54 18 10
55 18 10
56 18 10
57 18 10
58 18 10
59 18 10
66 18 10
67 18 10
68 18 10
69 18 10
70 18 10
71 18 10
72 18 10
73 18 10
74 18 10
75 18 10
76 18 10
77 18 10
78 18 10
79 18 10
80 18 10
81 18 10
82 18 10
83 18 10
84 18 10
85 18 10
86 18 10
87 18 10
88 18 10
89 18 10
90 18 10
91 18 10
93 18 10
94 18 10
95 18 10
96 18 10
97 18 10
98 18 10
99 18 10
0 19 10
14 19 10
15 19 10
16 19 10
17 19 10
18 19 10
19 19 10
25 19 10
26 19 10
27 19 10
28 19 10
29 19 10
36 19 10
37 19 10
38 19 10
39 19 10
40 19 10
42 19 10
43 19 10
44 19 10
45 19 10
46 19 10
47 19 10
48 19 10
49 19 10
50 19 10
51 19 10
52 19 10
53 19 10
54 19 10
55 19 10
56 19 10
57 19 10
58 19 10
66 19 10
67 19 10
68 19 10
69 19 10
70 19 10
71 19 10
72 19 10
73 19 10
74 19 10
75 19 10
77 19 10
78 19 10
79 19 10
80 19 10
81 19 10
82 19 10
83 19 10
84 19 10
85 19 10
86 19 10
87 19 10
88 19 10
89 19 10
90 19 10
91 19 10
92 19 10
93 19 10
96 19 10
97 19 10
0 20 10
14 20 10
15 20 10
16 20 10
17 20 10
18 20 10
19 20 10
25 20 10
27 20 10
28 20 10
34 20 10
36 20 10
37 20 10
38 20 10
39 20 10
41 20 10
42 20 10
43 20 10
44 20 10
45 20 10
46 20 10
47 20 10
48 20 10
49 20 10
50 20 10
51 20 10
52 20 10
53 20 10
54 20 10
55 20 10
56 20 10
57 20 10
58 20 10
59 20 10
60 20 10
65 20 10
66 20 10
67 20 10
68 20 10
69 20 10
70 20 10
71 20 10
72 20 10
73 20 10
74 20 10
75 20 10
76 20 10
77 20 10
78 20 10
79 20 10
80 20 10
81 20 10
82 20 10
83 20 10
84 20 10
85 20 10
86 20 10
87 20 10
88 20 10
89 20 10
90 20 10
91 20 10
92 20 10
93 20 10
0 21 10
14 21 10
15 21 10
16 21 10
17 21 10
18 21 10
19 21 10
21 21 10
27 21 10
28 21 10
34 21 10
35 21 10
36 21 10
37 21 10
38 21 10
39 21 10
40 21 10
41 21 10
42 21 10
43 21 10
44 21 10
45 21 10
46 21 10
47 21 10
48 21 10
49 21 10
50 21 10
51 21 10
52 21 10
53 21 10
54 21 10
55 21 10
56 21 10
57 21 10
58 21 10
59 21 10
60 21 10
61 21 10
62 21 10
63 21 10
64 21 10
65 21 10
66 21 10
67 21 10
68 21 10
71 21 10
72 21 10
73 21 10
74 21 10
75 21 10
76 21 10
77 21 10
78 21 10
79 21 10
80 21 10
81 21 10
82 21 10
83 21 10
84 21 10
85 21 10
86 21 10
87 21 10
88 21 10
89 21 10
90 21 10
91 21 10
92 21 10
93 21 10
0 22 10
14 22 10
15 22 10
16 22 10
17 22 10
18 22 10
19 22 10
24 22 10
25 22 10
26 22 10
27 22 10
31 22 10
32 22 10
34 22 10
35 22 10
36 22 10
37 22 10
38 22 10
39 22 10
40 22 10
41 22 10
42 22 10
43 22 10
44 22 10
45 22 10
46 22 10
47 22 10
48 22 10
49 22 10
50 22 10
51 22 10
52 22 10
53 22 10
54 22 10
55 22 10
56 22 10
57 22 10
58 22 10
59 22 10
60 22 10
61 22 10
62 22 10
63 22 10
64 22 10
65 22 10
66 22 10
67 22 10
71 22 10
72 22 10
73 22 10
74 22 10
75 22 10
77 22 10
78 22 10
79 22 10
80 22 10
81 22 10
82 22 10
83 22 10
84 22 10
85 22 10
86 22 10
87 22 10
88 22 10
89 22 10
90 22 10
91 22 10
92 22 10
93 22 10
13 23 10
14 23 10
15 23 10
16 23 10
17 23 10
18 23 10
24 23 10
25 23 10
26 23 10
27 23 10
28 23 10
31 23 10
32 23 10
33 23 10
34 23 10
35 23 10
36 23 10
37 23 10
38 23 10
39 23 10
40 23 10
41 23 10
42 23 10
43 23 10
44 23 10
45 23 10
46 23 10
47 23 10
48 23 10
49 23 10
50 23 10
51 23 10
52 23 10
53 23 10
54 23 10
55 23 10
56 23 10
57 23 10
58 23 10
59 23 10
60 23 10
61 23 10
62 23 10
63 23 10
64 23 10
65 23 10
66 23 10
72 23 10
73 23 10
74 23 10
75 23 10
77 23 10
78 23 10
79 23 10
80 23 10
81 23 10
82 23 10
83 23 10
84 23 10
85 23 10
86 23 10
87 23 10
88 23 10
89 23 10
90 23 10
91 23 10
92 23 10
13 24 10
14 24 10
15 24 10
16 24 10
17 24 10
18 24 10
20 24 10
22 24 10
23 24 10
24 24 10
25 24 10
26 24 10
27 24 10
28 24 10
29 24 10
30 24 10
31 24 10
32 24 10
33 24 10
35 24 10
36 24 10
37 24 10
38 24 10
39 24 10
40 24 10
41 24 10
42 24 10
43 24 10
44 24 10
45 24 10
46 24 10
47 24 10
48 24 10
49 24 10
50 24 10
51 24 10
52 24 10
53 24 10
54 24 10
55 24 10
56 24 10
57 24 10
58 24 10
59 24 10
60 24 10
61 24 10
62 24 10
63 24 10
64 24 10
65 24 10
66 24 10
72 24 10
73 24 10
74 24 10
75 24 10
76 24 10
77 24 10
78 24 10
79 24 10
80 24 10
81 24 10
82 24 10
83 24 10
84 24 10
85 24 10
86 24 10
87 24 10
88 24 10
89 24 10
90 24 10
91 24 10
92 24 10
93 24 10
94 24 10
98 24 10
12 25 10
13 25 10
14 25 10
15 25 10
16 25 10
17 25 10
18 25 10
19 25 10
20 25 10
21 25 10
22 25 10
23 25 10
24 25 10
25 25 10
26 25 10
27 25 10
28 25 10
29 25 10
30 25 10
31 25 10
32 25 10
33 25 10
34 25 10
35 25 10
36 25 10
37 25 10
38 25 10
39 25 10
40 25 10
41 25 10
42 25 10
43 25 10
44 25 10
45 25 10
46 25 10
47 25 10
48 25 10
49 25 10
50 25 10
51 25 10
52 25 10
53 25 10
54 25 10
55 25 10
56 25 10
57 25 10
58 25 10
59 25 10
60 25 10
61 25 10
62 25 10
63 25 10
64 25 10
65 25 10
66 25 10
67 25 10
73 25 10
74 25 10
75 25 10
76 25 10
77 25 10
78 25 10
79 25 10
80 25 10
81 25 10
82 25 10
83 25 10
84 25 10
85 25 10
86 25 10
87 25 10
88 25 10
89 25 10
90 25 10
91 25 10
92 25 10
97 25 10
98 25 10
99 25 10
0 26 10
11 26 10
12 26 10
13 26 10
14 26 10
15 26 10
16 26 10
17 26 10
18 26 10
19 26 10
20 26 10
21 26 10
22 26 10
23 26 10
24 26 10
25 26 10
26 26 10
27 26 10
28 26 10
29 26 10
30 26 10
31 26 10
32 26 10
33 26 10
34 26 10
35 26 10
36 26 10
37 26 10
38 26 10
39 26 10
40 26 10
41 26 10
42 26 10
43 26 10
44 26 10
45 26 10
46 26 10
47 26 10
48 26 10
49 26 10
50 26 10
51 26 10
52 26 10
53 26 10
54 26 10
55 26 10
56 26 10
57 26 10
58 26 10
59 26 10
60 26 10
61 26 10
62 26 10
63 26 10
64 26 10
65 26 10
66 26 10
67 26 10
68 26 10
72 26 10
73 26 10
74 26 10
75 26 10
76 26 10
78 26 10
79 26 10
80 26 10
81 26 10
82 26 10
83 26 10
84 26 10
85 26 10
86 26 10
87 26 10
88 26 10
89 26 10
90 26 10
91 26 10
92 26 10
96 26 10
97 26 10
98 26 10
11 27 10
12 27 10
13 27 10
14 27 10
15 27 10
16 27 10
17 27 10
18 27 10
19 27 10
20 27 10
21 27 10
22 27 10
23 27 10
24 27 10
25 27 10
26 27 10
27 27 10
28 27 10
29 27 10
30 27 10
31 27 10
32 27 10
33 27 10
34 27 10
35 27 10
36 27 10
37 27 10
38 27 10
39 27 10
40 27 10
41 27 10
42 27 10
43 27 10
44 27 10
45 27 10
46 27 10
47 27 10
48 27 10
49 27 10
50 27 10
51 27 10
52 27 10
53 27 10
54 27 10
55 27 10
56 27 10
57 27 10
58 27 10
59 27 10
60 27 10
61 27 10
62 27 10
63 27 10
64 27 10
65 27 10
66 27 10
67 27 10
68 27 10
69 27 10
71 27 10
72 27 10
73 27 10
78 27 10
79 27 10
80 27 10
81 27 10
82 27 10
83 27 10
84 27 10
85 27 10
86 27 10
87 27 10
88 27 10
89 27 10
90 27 10
91 27 10
92 27 10
93 27 10
94 27 10
95 27 10
97 27 10
98 27 10
99 27 10
0 28 10
10 28 10
11 28 10
12 28 10
13 28 10
14 28 10
15 28 10
16 28 10
17 28 10
18 28 10
19 28 10
20 28 10
21 28 10
22 28 10
23 28 10
24 28 10
25 28 10
26 28 10
27 28 10
28 28 10
29 28 10
30 28 10
31 28 10
32 28 10
33 28 10
34 28 10
35 28 10
36 28 10
37 28 10
38 28 10
39 28 10
40 28 10
41 28 10
42 28 10
43 28 10
44 28 10
46 28 10
47 28 10
48 28 10
50 28 10
51 28 10
52 28 10
53 28 10
54 28 10
55 28 10
56 28 10
57 28 10
58 28 10
59 28 10
60 28 10
61 28 10
62 28 10
63 28 10
64 28 10
65 28 10
66 28 10
67 28 10
68 28 10
69 28 10
70 28 10
71 28 10
72 28 10
73 28 10
79 28 10
80 28 10
81 28 10
82 28 10
83 28 10
84 28 10
85 28 10
86 28 10
87 28 10
88 28 10
89 28 10
90 28 10
91 28 10
92 28 10
93 28 10
94 28 10
95 28 10
96 28 10
97 28 10
98 28 10
99 28 10
0 29 10
9 29 10
10 29 10
11 29 10
12 29 10
13 29 10
14 29 10
15 29 10
16 29 10
17 29 10
18 29 10
19 29 10
20 29 10
21 29 10
22 29 10
23 29 10
24 29 10
25 29 10
26 29 10
27 29 10
28 29 10
29 29 10
30 29 10
31 29 10
32 29 10
33 29 10
34 29 10
35 29 10
36 29 10
37 29 10
38 29 10
39 29 10
40 29 10
41 29 10
42 29 10
43 29 10
45 29 10
46 29 10
47 29 10
48 29 10
50 29 10
51 29 10
52 29 10
53 29 10
54 29 10
55 29 10
56 29 10
57 29 10
58 29 10
59 29 10
60 29 10
61 29 10
62 29 10
63 29 10
64 29 10
65 29 10
66 29 10
67 29 10
68 29 10
69 29 10
70 29 10
71 29 10
72 29 10
73 29 10
74 29 10
78 29 10
79 29 10
80 29 10
81 29 10
82 29 10
83 29 10
84 29 10
85 29 10
86 29 10
87 29 10
88 29 10
89 29 10
91 29 10
92 29 10
93 29 10
94 29 10
95 29 10
96 29 10
97 29 10
98 29 10
99 29 10
0 30 10
7 30 10
8 30 10
9 30 10
10 30 10
11 30 10
12 30 10
13 30 10
14 30 10
15 30 10
16 30 10
17 30 10
18 30 10
19 30 10
20 30 10
21 30 10
22 30 10
23 30 10
24 30 10
25 30 10
26 30 10
27 30 10
28 30 10
29 30 10
30 30 10
31 30 10
32 30 10
33 30 10
34 30 10
35 30 10
36 30 10
37 30 10
38 30 10
39 30 10
40 30 10
41 30 10
42 30 10
43 30 10
44 30 10
46 30 10
47 30 10
48 30 10
49 30 10
50 30 10
51 30 10
52 30 10
53 30 10
54 30 10
55 30 10
56 30 10
57 30 10
58 30 10
59 30 10
60 30 10
61 30 10
62 30 10
63 30 10
64 30 10
65 30 10
66 30 10
67 30 10
68 30 10
69 30 10
70 30 10
71 30 10
72 30 10
73 30 10
74 30 10
75 30 10
76 30 10
78 30 10
79 30 10
80 30 10
81 30 10
82 30 10
83 30 10
84 30 10
85 30 10
86 30 10
87 30 10
88 30 10
89 30 10
90 30 10
91 30 10
92 30 10
93 30 10
94 30 10
95 30 10
96 30 10
97 30 10
98 30 10
99 30 10
0 31 10
7 31 10
8 31 10
9 31 10
10 31 10
11 31 10
12 31 10
13 31 10
14 31 10
15 31 10
16 31 10
17 31 10
18 31 10
19 31 10
20 31 10
21 31 10
22 31 10
23 31 10
24 31 10
25 31 10
26 31 10
27 31 10
28 31 10
29 31 10
30 31 10
31 31 10
32 31 10
33 31 10
34 31 10
35 31 10
36 31 10
37 31 10
38 31 10
39 31 10
40 31 10
42 31 10
43 31 10
44 31 10
46 31 10
47 31 10
48 31 10
49 31 10
50 31 10
51 31 10
52 31 10
53 31 10
54 31 10
55 31 10
56 31 10
57 31 10
58 31 10
59 31 10
60 31 10
61 31 10
62 31 10
63 31 10
64 31 10
65 31 10
66 31 10
67 31 10
68 31 10
69 31 10
70 31 10
71 31 10
72 31 10
73 31 10
74 31 10
75 31 10
76 31 10
77 31 10
79 31 10
80 31 10
81 31 10
82 31 10
83 31 10
84 31 10
85 31 10
86 31 10
87 31 10
88 31 10
89 31 10
90 31 10
91 31 10
92 31 10
93 31 10
94 31 10
95 31 10
96 31 10
97 31 10
98 31 10
99 31 10
0 32 10
7 32 10
8 32 10
9 32 10
10 32 10
11 32 10
12 32 10
13 32 10
14 32 10
15 32 10
16 32 10
17 32 10
18 32 10
19 32 10
20 32 10
21 32 10
22 32 10
23 32 10
24 32 10
25 32 10
26 32 10
27 32 10
28 32 10
29 32 10
30 32 10
31 32 10
32 32 10
33 32 10
34 32 10
35 32 10
36 32 10
37 32 10
38 32 10
39 32 10
40 32 10
41 32 10
42 32 10
43 32 10
44 32 10
45 32 10
47 32 10
48 32 10
49 32 10
50 32 10
51 32 10
52 32 10
53 32 10
54 32 10
55 32 10
56 32 10
57 32 10
58 32 10
59 32 10
60 32 10
61 32 10
62 32 10
63 32 10
64 32 10
65 32 10
66 32 10
68 32 10
69 32 10
70 32 10
71 32 10
72 32 10
73 32 10
74 32 10
75 32 10
76 32 10
77 32 10
78 32 10
79 32 10
80 32 10
81 32 10
82 32 10
83 32 10
84 32 10
85 32 10
86 32 10
87 32 10
88 32 10
89 32 10
90 32 10
91 32 10
92 32 10
93 32 10
94 32 10
95 32 10
96 32 10
97 32 10
98 32 10
99 32 10
0 33 10
8 33 10
9 33 10
10 33 10
12 33 10
13 33 10
15 33 10
16 33 10
17 33 10
18 33 10
19 33 10
20 33 10
21 33 10
22 33 10
23 33 10
24 33 10
25 33 10
26 33 10
27 33 10
28 33 10
29 33 10
30 33 10
31 33 10
32 33 10
33 33 10
34 33 10
35 33 10
36 33 10
37 33 10
38 33 10
39 33 10
40 33 10
41 33 10
42 33 10
43 33 10
44 33 10
45 33 10
46 33 10
47 33 10
48 33 10
49 33 10
50 33 10
51 33 10
52 33 10
53 33 10
54 33 10
55 33 10
56 33 10
57 33 10
58 33 10
59 33 10
60 33 10
61 33 10
62 33 10
63 33 10
64 33 10
65 33 10
66 33 10
67 33 10
68 33 10
69 33 10
70 33 10
71 33 10
72 33 10
73 33 10
74 33 10
75 33 10
76 33 10
77 33 10
78 33 10
79 33 10
80 33 10
81 33 10
82 33 10
83 33 10
84 33 10
85 33 10
86 33 10
87 33 10
88 33 10
89 33 10
90 33 10
91 33 10
92 33 10
93 33 10
94 33 10
95 33 10
96 33 10
97 33 10
98 33 10
99 33 10
0 34 10
10 34 10
13 34 10
14 34 10
15 34 10
16 34 10
17 34 10
18 34 10
19 34 10
20 34 10
21 34 10
22 34 10
23 34 10
24 34 10
25 34 10
26 34 10
27 34 10
28 34 10
29 34 10
30 34 10
31 34 10
32 34 10
33 34 10
34 34 10
35 34 10
36 34 10
37 34 10
38 34 10
39 34 10
40 34 10
41 34 10
42 34 10
43 34 10
44 34 10
46 34 10
47 34 10
48 34 10
49 34 10
50 34 10
51 34 10
52 34 10
53 34 10
54 34 10
55 34 10
56 34 10
57 34 10
58 34 10
59 34 10
60 34 10
61 34 10
62 34 10
63 34 10
64 34 10
65 34 10
66 34 10
67 34 10
68 34 10
69 34 10
70 34 10
71 34 10
72 34 10
73 34 10
74 34 10
75 34 10
76 34 10
77 34 10
78 34 10
79 34 10
80 34 10
81 34 10
82 34 10
83 34 10
84 34 10
85 34 10
86 34 10
87 34 10
88 34 10
89 34 10
90 34 10
91 34 10
92 34 10
93 34 10
94 34 10
95 34 10
96 34 10
97 34 10
98 34 10
99 34 10
0 35 10
9 35 10
10 35 10
11 35 10
12 35 10
13 35 10
14 35 10
15 35 10
16 35 10
17 35 10
18 35 10
19 35 10
20 35 10
21 35 10
22 35 10
23 35 10
24 35 10
25 35 10
26 35 10
27 35 10
28 35 10
29 35 10
30 35 10
31 35 10
32 35 10
33 35 10
34 35 10
35 35 10
36 35 10
37 35 10
38 35 10
39 35 10
40 35 10
41 35 10
42 35 10
43 35 10
44 35 10
45 35 10
46 35 10
47 35 10
48 35 10
49 35 10
50 35 10
51 35 10
52 35 10
53 35 10
54 35 10
55 35 10
56 35 10
58 35 10
59 35 10
60 35 10
61 35 10
62 35 10
63 35 10
64 35 10
65 35 10
66 35 10
67 35 10
68 35 10
69 35 10
70 35 10
71 35 10
72 35 10
73 35 10
74 35 10
75 35 10
76 35 10
77 35 10
78 35 10
79 35 10
80 35 10
81 35 10
82 35 10
83 35 10
84 35 10
85 35 10
86 35 10
87 35 10
88 35 10
89 35 10
90 35 10
91 35 10
92 35 10
93 35 10
94 35 10
95 35 10
96 35 10
97 35 10
98 35 10
99 35 10
0 36 10
8 36 10
9 36 10
10 36 10
11 36 10
12 36 10
13 36 10
14 36 10
15 36 10
16 36 10
17 36 10
18 36 10
19 36 10
20 36 10
21 36 10
22 36 10
23 36 10
24 36 10
25 36 10
26 36 10
27 36 10
28 36 10
29 36 10
30 36 10
31 36 10
32 36 10
33 36 10
34 36 10
35 36 10
36 36 10
37 36 10
38 36 10
39 36 10
40 36 10
42 36 10
43 36 10
44 36 10
45 36 10
46 36 10
47 36 10
48 36 10
49 36 10
50 36 10
51 36 10
52 36 10
53 36 10
54 36 10
55 36 10
56 36 10
57 36 10
58 36 10
59 36 10
60 36 10
61 36 10
62 36 10
63 36 10
64 36 10
65 36 10
66 36 10
67 36 10
68 36 10
69 36 10
70 36 10
71 36 10
72 36 10
73 36 10
74 36 10
75 36 10
76 36 10
77 36 10
78 36 10
79 36 10
80 36 10
81 36 10
82 36 10
83 36 10
84 36 10
85 36 10
86 36 10
87 36 10
88 36 10
89 36 10
90 36 10
91 36 10
92 36 10
93 36 10
94 36 10
95 36 10
96 36 10
97 36 10
98 36 10
99 36 10
0 37 10
6 37 10
7 37 10
9 37 10
10 37 10
11 37 10
12 37 10
13 37 10
14 37 10
15 37 10
16 37 10
17 37 10
18 37 10
19 37 10
20 37 10
21 37 10
22 37 10
23 37 10
24 37 10
25 37 10
26 37 10
27 37 10
28 37 10
29 37 10
30 37 10
31 37 10
32 37 10
33 37 10
34 37 10
35 37 10
36 37 10
37 37 10
38 37 10
39 37 10
40 37 10
41 37 10
42 37 10
43 37 10
44 37 10
45 37 10
46 37 10
47 37 10
48 37 10
49 37 10
50 37 10
51 37 10
52 37 10
53 37 10
54 37 10
55 37 10
56 37 10
57 37 10
58 37 10
59 37 10
60 37 10
61 37 10
62 37 10
63 37 10
64 37 10
65 37 10
66 37 10
67 37 10
68 37 10
69 37 10
70 37 10
71 37 10
72 37 10
73 37 10
74 37 10
75 37 10
76 37 10
77 37 10
78 37 10
79 37 10
80 37 10
81 37 10
82 37 10
83 37 10
84 37 10
85 37 10
86 37 10
87 37 10
88 37 10
89 37 10
90 37 10
91 37 10
92 37 10
93 37 10
94 37 10
95 37 10
96 37 10
97 37 10
98 37 10
99 37 10
0 38 10
6 38 10
7 38 10
8 38 10
10 38 10
11 38 10
12 38 10
13 38 10
14 38 10
15 38 10
16 38 10
17 38 10
18 38 10
19 38 10
20 38 10
21 38 10
22 38 10
23 38 10
24 38 10
25 38 10
26 38 10
27 38 10
28 38 10
29 38 10
30 38 10
31 38 10
32 38 10
33 38 10
34 38 10
35 38 10
36 38 10
37 38 10
38 38 10
39 38 10
40 38 10
41 38 10
42 38 10
43 38 10
44 38 10
45 38 10
46 38 10
47 38 10
48 38 10
49 38 10
50 38 10
51 38 10
52 38 10
53 38 10
54 38 10
55 38 10
56 38 10
57 38 10
58 38 10
59 38 10
60 38 10
61 38 10
62 38 10
63 38 10
64 38 10
65 38 10
66 38 10
67 38 10
68 38 10
69 38 10
70 38 10
71 38 10
72 38 10
73 38 10
74 38 10
75 38 10
76 38 10
77 38 10
78 38 10
79 38 10
80 38 10
81 38 10
82 38 10
83 38 10
84 38 10
85 38 10
86 38 10
87 38 10
88 38 10
89 38 10
90 38 10
91 38 10
92 38 10
93 38 10
94 38 10
95 38 10
96 38 10
97 38 10
98 38 10
99 38 10
0 39 10
5 39 10
6 39 10
7 39 10
8 39 10
9 39 10
10 39 10
11 39 10
12 39 10
13 39 10
14 39 10
15 39 10
16 39 10
17 39 10
18 39 10
19 39 10
20 39 10
21 39 10
22 39 10
23 39 10
24 39 10
25 39 10
26 39 10
27 39 10
28 39 10
29 39 10
30 39 10
31 39 10
32 39 10
33 39 10
34 39 10
35 39 10
36 39 10
37 39 10
38 39 10
39 39 10
40 39 10
41 39 10
42 39 10
43 39 10
44 39 10
45 39 10
46 39 10
47 39 10
48 39 10
49 39 10
50 39 10
51 39 10
52 39 10
53 39 10
54 39 10
55 39 10
56 39 10
57 39 10
58 39 10
59 39 10
60 39 10
61 39 10
62 39 10
63 39 10
64 39 10
65 39 10
66 39 10
67 39 10
68 39 10
69 39 10
70 39 10
71 39 10
72 39 10
73 39 10
74 39 10
75 39 10
76 39 10
77 39 10
78 39 10
79 39 10
80 39 10
81 39 10
82 39 10
83 39 10
84 39 10
85 39 10
86 39 10
87 39 10
88 39 10
89 39 10
90 39 10
91 39 10
92 39 10
94 39 10
95 39 10
96 39 10
97 39 10
98 39 10
99 39 10
0 40 10
5 40 10
6 40 10
7 40 10
8 40 10
9 40 10
11 40 10
12 40 10
13 40 10
14 40 10
15 40 10
16 40 10
17 40 10
18 40 10
19 40 10
20 40 10
21 40 10
22 40 10
23 40 10
24 40 10
25 40 10
26 40 10
27 40 10
28 40 10
29 40 10
30 40 10
31 40 10
32 40 10
33 40 10
34 40 10
35 40 10
36 40 10
37 40 10
38 40 10
39 40 10
40 40 10
41 40 10
42 40 10
43 40 10
44 40 10
45 40 10
46 40 10
47 40 10
48 40 10
49 40 10
50 40 10
51 40 10
52 40 10
53 40 10
54 40 10
55 40 10
56 40 10
57 40 10
58 40 10
59 40 10
60 40 10
61 40 10
62 40 10
63 40 10
64 40 10
65 40 10
66 40 10
67 40 10
68 40 10
69 40 10
70 40 10
71 40 10
72 40 10
73 40 10
74 40 10
75 40 10
76 40 10
77 40 10
78 40 10
79 40 10
80 40 10
81 40 10
82 40 10
83 40 10
84 40 10
85 40 10
86 40 10
87 40 10
88 40 10
89 40 10
90 40 10
91 40 10
93 40 10
94 40 10
95 40 10
96 40 10
97 40 10
98 40 10
99 40 10
0 41 10
4 41 10
5 41 10
6 41 10
7 41 10
8 41 10
9 41 10
10 41 10
11 41 10
12 41 10
13 41 10
14 41 10
15 41 10
16 41 10
17 41 10
18 41 10
19 41 10
20 41 10
21 41 10
22 41 10
23 41 10
24 41 10
25 41 10
26 41 10
27 41 10
28 41 10
29 41 10
30 41 10
31 41 10
32 41 10
33 41 10
34 41 10
35 41 10
36 41 10
37 41 10
38 41 10
39 41 10
40 41 10
41 41 10
42 41 10
43 41 10
44 41 10
45 41 10
46 41 10
47 41 10
48 41 10
49 41 10
50 41 10
51 41 10
52 41 10
53 41 10
54 41 10
55 41 10
56 41 10
57 41 10
58 41 10
59 41 10
60 41 10
61 41 10
62 41 10
63 41 10
64 41 10
65 41 10
66 41 10
67 41 10
68 41 10
69 41 10
70 41 10
71 41 10
72 41 10
73 41 10
74 41 10
75 41 10
76 41 10
77 41 10
78 41 10
79 41 10
80 41 10
81 41 10
82 41 10
83 41 10
84 41 10
85 41 10
86 41 10
87 41 10
88 41 10
89 41 10
90 41 10
91 41 10
92 41 10
93 41 10
94 41 10
95 41 10
96 41 10
97 41 10
98 41 10
99 41 10
3 42 10
4 42 10
5 42 10
6 42 10
7 42 10
8 42 10
9 42 10
10 42 10
13 42 10
14 42 10
15 42 10
16 42 10
17 42 10
18 42 10
19 42 10
20 42 10
21 42 10
22 42 10
23 42 10
24 42 10
25 42 10
26 42 10
27 42 10
28 42 10
29 42 10
30 42 10
31 42 10
32 42 10
33 42 10
34 42 10
35 42 10
36 42 10
37 42 10
38 42 10
39 42 10
40 42 10
41 42 10
42 42 10
43 42 10
44 42 10
45 42 10
46 42 10
47 42 10
48 42 10
49 42 10
50 42 10
51 42 10
52 42 10
53 42 10
54 42 10
55 42 10
56 42 10
57 42 10
58 42 10
59 42 10
60 42 10
61 42 10
62 42 10
63 42 10
64 42 10
65 42 10
66 42 10
67 42 10
68 42 10
69 42 10
70 42 10
71 42 10
72 42 10
73 42 10
74 42 10
75 42 10
76 42 10
77 42 10
78 42 10
79 42 10
80 42 10
81 42 10
82 42 10
83 42 10
84 42 10
85 42 10
86 42 10
87 42 10
88 42 10
89 42 10
91 42 10
94 42 10
95 42 10
96 42 10
97 42 10
98 42 10
99 42 10
3 43 10
4 43 10
5 43 10
6 43 10
7 43 10
8 43 10
9 43 10
10 43 10
11 43 10
12 43 10
13 43 10
15 43 10
16 43 10
17 43 10
18 43 10
19 43 10
20 43 10
21 43 10
22 43 10
23 43 10
24 43 10
25 43 10
26 43 10
27 43 10
28 43 10
29 43 10
30 43 10
31 43 10
32 43 10
33 43 10
34 43 10
35 43 10
36 43 10
37 43 10
38 43 10
39 43 10
40 43 10
41 43 10
42 43 10
43 43 10
44 43 10
45 43 10
46 43 10
47 43 10
48 43 10
49 43 10
50 43 10
51 43 10
52 43 10
53 43 10
54 43 10
55 43 10
56 43 10
57 43 10
58 43 10
59 43 10
60 43 10
61 43 10
62 43 10
63 43 10
64 43 10
65 43 10
66 43 10
67 43 10
68 43 10
69 43 10
70 43 10
71 43 10
72 43 10
73 43 10
74 43 10
75 43 10
76 43 10
77 43 10
78 43 10
79 43 10
80 43 10
81 43 10
82 43 10
83 43 10
84 43 10
85 43 10
90 43 10
92 43 10
94 43 10
95 43 10
96 43 10
97 43 10
98 43 10
99 43 10
4 44 10
5 44 10
6 44 10
7 44 10
8 44 10
10 44 10
11 44 10
12 44 10
13 44 10
14 44 10
15 44 10
16 44 10
17 44 10
18 44 10
19 44 10
20 44 10
21 44 10
22 44 10
23 44 10
24 44 10
25 44 10
26 44 10
27 44 10
28 44 10
29 44 10
30 44 10
31 44 10
32 44 10
33 44 10
34 44 10
35 44 10
36 44 10
37 44 10
38 44 10
39 44 10
40 44 10
41 44 10
42 44 10
43 44 10
44 44 10
45 44 10
46 44 10
47 44 10
48 44 10
49 44 10
50 44 10
51 44 10
52 44 10
53 44 10
54 44 10
55 44 10
56 44 10
57 44 10
58 44 10
59 44 10
60 44 10
61 44 10
62 44 10
63 44 10
64 44 10
65 44 10
66 44 10
67 44 10
68 44 10
69 44 10
70 44 10
71 44 10
72 44 10
73 44 10
74 44 10
75 44 10
76 44 10
77 44 10
78 44 10
79 44 10
80 44 10
81 44 10
82 44 10
83 44 10
84 44 10
85 44 10
86 44 10
87 44 10
88 44 10
89 44 10
90 44 10
91 44 10
92 44 10
93 44 10
94 44 10
96 44 10
97 44 10
98 44 10
0 45 10
4 45 10
5 45 10
6 45 10
7 45 10
9 45 10
10 45 10
11 45 10
12 45 10
13 45 10
15 45 10
16 45 10
17 45 10
18 45 10
19 45 10
20 45 10
21 45 10
22 45 10
23 45 10
24 45 10
25 45 10
26 45 10
27 45 10
28 45 10
29 45 10
30 45 10
31 45 10
32 45 10
33 45 10
34 45 10
35 45 10
36 45 10
37 45 10
38 45 10
39 45 10
40 45 10
41 45 10
42 45 10
43 45 10
44 45 10
45 45 10
46 45 10
47 45 10
48 45 10
49 45 10
50 45 10
51 45 10
52 45 10
53 45 10
54 45 10
55 45 10
56 45 10
57 45 10
58 45 10
59 45 10
60 45 10
61 45 10
62 45 10
63 45 10
64 45 10
65 45 10
66 45 10
67 45 10
68 45 10
69 45 10
70 45 10
71 45 10
72 45 10
73 45 10
74 45 10
75 45 10
76 45 10
77 45 10
78 45 10
79 45 10
80 45 10
81 45 10
82 45 10
83 45 10
84 45 10
85 45 10
86 45 10
87 45 10
88 45 10
89 45 10
90 45 10
91 45 10
92 45 10
93 45 10
94 45 10
95 45 10
96 45 10
0 46 10
5 46 10
6 46 10
7 46 10
8 46 10
9 46 10
10 46 10
11 46 10
12 46 10
13 46 10
14 46 10
15 46 10
16 46 10
17 46 10
18 46 10
19 46 10
20 46 10
21 46 10
22 46 10
23 46 10
24 46 10
25 46 10
26 46 10
27 46 10
28 46 10
29 46 10
30 46 10
31 46 10
32 46 10
33 46 10
34 46 10
35 46 10
36 46 10
37 46 10
38 46 10
39 46 10
40 46 10
41 46 10
42 46 10
43 46 10
44 46 10
45 46 10
46 46 10
47 46 10
48 46 10
49 46 10
50 46 10
51 46 10
52 46 10
53 46 10
54 46 10
55 46 10
56 46 10
57 46 10
58 46 10
59 46 10
60 46 10
61 46 10
62 46 10
63 46 10
64 46 10
65 46 10
66 46 10
67 46 10
68 46 10
69 46 10
70 46 10
71 46 10
72 46 10
73 46 10
74 46 10
75 46 10
76 46 10
77 46 10
78 46 10
79 46 10
80 46 10
81 46 10
82 46 10
83 46 10
84 46 10
85 46 10
86 46 10
87 46 10
88 46 10
89 46 10
90 46 10
91 46 10
92 46 10
93 46 10
94 46 10
95 46 10
96 46 10
97 46 10
98 46 10
99 46 10
0 47 10
4 47 10
5 47 10
6 47 10
7 47 10
8 47 10
9 47 10
10 47 10
11 47 10
12 47 10
13 47 10
14 47 10
15 47 10
16 47 10
17 47 10
18 47 10
19 47 10
20 47 10
21 47 10
22 47 10
23 47 10
24 47 10
25 47 10
26 47 10
27 47 10
28 47 10
29 47 10
30 47 10
31 47 10
32 47 10
33 47 10
34 47 10
35 47 10
36 47 10
37 47 10
38 47 10
39 47 10
40 47 10
41 47 10
42 47 10
43 47 10
44 47 10
45 47 10
46 47 10
47 47 10
48 47 10
49 47 10
50 47 10
51 47 10
52 47 10
53 47 10
54 47 10
55 47 10
56 47 10
57 47 10
58 47 10
59 47 10
60 47 10
61 47 10
62 47 10
63 47 10
64 47 10
65 47 10
66 47 10
67 47 10
68 47 10
69 47 10
70 47 10
71 47 10
72 47 10
73 47 10
74 47 10
75 47 10
76 47 10
77 47 10
78 47 10
79 47 10
80 47 10
81 47 10
82 47 10
83 47 10
84 47 10
85 47 10
86 47 10
87 47 10
88 47 10
89 47 10
90 47 10
91 47 10
92 47 10
93 47 10
94 47 10
95 47 10
96 47 10
97 47 10
98 47 10
99 47 10
0 48 10
3 48 10
4 48 10
5 48 10
6 48 10
7 48 10
8 48 10
9 48 10
10 48 10
11 48 10
12 48 10
13 48 10
14 48 10
15 48 10
16 48 10
17 48 10
18 48 10
19 48 10
20 48 10
21 48 10
22 48 10
23 48 10
24 48 10
25 48 10
26 48 10
27 48 10
28 48 10
29 48 10
30 48 10
31 48 10
32 48 10
33 48 10
34 48 10
35 48 10
36 48 10
37 48 10
38 48 10
39 48 10
40 48 10
41 48 10
42 48 10
43 48 10
44 48 10
45 48 10
46 48 10
47 48 10
48 48 10
49 48 10
50 48 10
51 48 10
52 48 10
53 48 10
54 48 10
55 48 10
56 48 10
57 48 10
58 48 10
59 48 10
60 48 10
61 48 10
62 48 10
63 48 10
64 48 10
65 48 10
66 48 10
67 48 10
68 48 10
69 48 10
70 48 10
71 48 10
72 48 10
73 48 10
74 48 10
75 48 10
76 48 10
77 48 10
78 48 10
79 48 10
80 48 10
81 48 10
82 48 10
83 48 10
84 48 10
85 48 10
87 48 10
88 48 10
89 48 10
90 48 10
91 48 10
92 48 10
93 48 10
94 48 10
95 48 10
96 48 10
97 48 10
98 48 10
99 48 10
0 49 10
2 49 10
3 49 10
4 49 10
5 49 10
6 49 10
7 49 10
8 49 10
9 49 10
10 49 10
11 49 10
12 49 10
13 49 10
14 49 10
15 49 10
16 49 10
17 49 10
18 49 10
19 49 10
20 49 10
21 49 10
22 49 10
23 49 10
24 49 10
25 49 10
26 49 10
27 49 10
28 49 10
29 49 10
30 49 10
31 49 10
32 49 10
33 49 10
34 49 10
35 49 10
36 49 10
37 49 10
38 49 10
39 49 10
40 49 10
41 49 10
42 49 10
43 49 10
44 49 10
45 49 10
46 49 10
47 49 10
48 49 10
49 49 10
50 49 10
51 49 10
52 49 10
53 49 10
54 49 10
55 49 10
56 49 10
57 49 10
58 49 10
59 49 10
60 49 10
61 49 10
62 49 10
63 49 10
64 49 10
65 49 10
66 49 10
67 49 10
68 49 10
69 49 10
70 49 10
71 49 10
72 49 10
73 49 10
74 49 10
75 49 10
76 49 10
77 49 10
78 49 10
79 49 10
80 49 10
81 49 10
82 49 10
83 49 10
84 49 10
85 49 10
86 49 10
87 49 10
88 49 10
89 49 10
90 49 10
91 49 10
92 49 10
94 49 10
95 49 10
96 49 10
97 49 10
98 49 10
99 49 10
0 50 10
2 50 10
3 50 10
4 50 10
5 50 10
6 50 10
7 50 10
8 50 10
9 50 10
10 50 10
11 50 10
12 50 10
13 50 10
14 50 10
15 50 10
16 50 10
17 50 10
18 50 10
19 50 10
20 50 10
21 50 10
22 50 10
23 50 10
24 50 10
25 50 10
26 50 10
27 50 10
28 50 10
29 50 10
30 50 10
31 50 10
32 50 10
33 50 10
34 50 10
35 50 10
36 50 10
37 50 10
38 50 10
39 50 10
40 50 10
41 50 10
42 50 10
43 50 10
44 50 10
45 50 10
46 50 10
47 50 10
48 50 10
49 50 10
50 50 10
51 50 10
52 50 10
53 50 10
54 50 10
55 50 10
56 50 10
57 50 10
58 50 10
59 50 10
60 50 10
61 50 10
62 50 10
63 50 10
64 50 10
65 50 10
66 50 10
67 50 10
68 50 10
69 50 10
70 50 10
71 50 10
72 50 10
73 50 10
74 50 10
75 50 10
76 50 10
77 50 10
78 50 10
79 50 10
80 50 10
81 50 10
82 50 10
83 50 10
84 50 10
85 50 10
86 50 10
87 50 10
88 50 10
89 50 10
90 50 10
91 50 10
95 50 10
96 50 10
97 50 10
98 50 10
99 50 10
0 51 10
2 51 10
3 51 10
4 51 10
5 51 10
6 51 10
7 51 10
8 51 10
9 51 10
10 51 10
11 51 10
12 51 10
13 51 10
14 51 10
15 51 10
16 51 10
17 51 10
18 51 10
19 51 10
20 51 10
21 51 10
22 51 10
23 51 10
24 51 10
25 51 10
26 51 10
27 51 10
28 51 10
29 51 10
30 51 10
31 51 10
32 51 10
33 51 10
34 51 10
35 51 10
36 51 10
37 51 10
38 51 10
39 51 10
40 51 10
41 51 10
42 51 10
43 51 10
44 51 10
45 51 10
46 51 10
47 51 10
48 51 10
49 51 10
50 51 10
51 51 10
52 51 10
53 51 10
54 51 10
55 51 10
56 51 10
57 51 10
58 51 10
59 51 10
60 51 10
61 51 10
62 51 10
63 51 10
64 51 10
65 51 10
66 51 10
67 51 10
68 51 10
69 51 10
70 51 10
71 51 10
72 51 10
73 51 10
74 51 10
75 51 10
76 51 10
77 51 10
78 51 10
79 51 10
80 51 10
81 51 10
82 51 10
83 51 10
84 51 10
85 51 10
86 51 10
87 51 10
88 51 10
89 51 10
90 51 10
91 51 10
95 51 10
96 51 10
97 51 10
98 51 10
99 51 10
0 52 10
2 52 10
3 52 10
4 52 10
5 52 10
6 52 10
7 52 10
8 52 10
9 52 10
10 52 10
11 52 10
12 52 10
13 52 10
14 52 10
15 52 10
16 52 10
17 52 10
18 52 10
19 52 10
20 52 10
21 52 10
22 52 10
23 52 10
24 52 10
25 52 10
26 52 10
27 52 10
28 52 10
29 52 10
30 52 10
31 52 10
32 52 10
33 52 10
34 52 10
35 52 10
36 52 10
37 52 10
40 52 10
41 52 10
42 52 10
43 52 10
44 52 10
45 52 10
46 52 10
47 52 10
48 52 10
49 52 10
50 52 10
51 52 10
52 52 10
53 52 10
54 52 10
55 52 10
56 52 10
57 52 10
58 52 10
59 52 10
60 52 10
61 52 10
62 52 10
63 52 10
64 52 10
65 52 10
66 52 10
67 52 10
68 52 10
69 52 10
70 52 10
71 52 10
72 52 10
73 52 10
74 52 10
75 52 10
76 52 10
77 52 10
78 52 10
79 52 10
80 52 10
81 52 10
82 52 10
83 52 10
85 52 10
86 52 10
87 52 10
88 52 10
89 52 10
90 52 10
91 52 10
92 52 10
94 52 10
95 52 10
96 52 10
97 52 10
98 52 10
99 52 10
0 53 10
3 53 10
4 53 10
5 53 10
6 53 10
7 53 10
8 53 10
9 53 10
10 53 10
11 53 10
12 53 10
13 53 10
14 53 10
15 53 10
16 53 10
17 53 10
18 53 10
19 53 10
20 53 10
21 53 10
22 53 10
23 53 10
24 53 10
25 53 10
26 53 10
27 53 10
28 53 10
29 53 10
30 53 10
31 53 10
32 53 10
33 53 10
34 53 10
35 53 10
36 53 10
37 53 10
40 53 10
41 53 10
42 53 10
43 53 10
44 53 10
45 53 10
46 53 10
47 53 10
48 53 10
49 53 10
50 53 10
51 53 10
52 53 10
53 53 10
54 53 10
55 53 10
56 53 10
57 53 10
58 53 10
59 53 10
60 53 10
61 53 10
62 53 10
63 53 10
64 53 10
65 53 10
66 53 10
67 53 10
68 53 10
69 53 10
70 53 10
71 53 10
72 53 10
73 53 10
74 53 10
75 53 10
76 53 10
77 53 10
78 53 10
79 53 10
80 53 10
81 53 10
82 53 10
83 53 10
84 53 10
85 53 10
86 53 10
87 53 10
89 53 10
90 53 10
91 53 10
92 53 10
93 53 10
94 53 10
95 53 10
96 53 10
97 53 10
98 53 10
99 53 10
0 54 10
3 54 10
4 54 10
5 54 10
6 54 10
7 54 10
8 54 10
9 54 10
10 54 10
11 54 10
12 54 10
13 54 10
14 54 10
15 54 10
16 54 10
17 54 10
18 54 10
19 54 10
20 54 10
21 54 10
22 54 10
23 54 10
24 54 10
25 54 10
26 54 10
27 54 10
28 54 10
29 54 10
30 54 10
31 54 10
32 54 10
33 54 10
34 54 10
35 54 10
36 54 10
37 54 10
38 54 10
40 54 10
41 54 10
42 54 10
43 54 10
44 54 10
45 54 10
46 54 10
47 54 10
48 54 10
49 54 10
50 54 10
51 54 10
52 54 10
53 54 10
54 54 10
55 54 10
56 54 10
57 54 10
58 54 10
59 54 10
60 54 10
61 54 10
62 54 10
63 54 10
64 54 10
65 54 10
66 54 10
67 54 10
68 54 10
69 54 10
70 54 10
71 54 10
72 54 10
73 54 10
74 54 10
75 54 10
76 54 10
77 54 10
78 54 10
79 54 10
80 54 10
81 54 10
82 54 10
83 54 10
84 54 10
85 54 10
86 54 10
87 54 10
88 54 10
89 54 10
90 54 10
91 54 10
92 54 10
93 54 10
94 54 10
95 54 10
96 54 10
97 54 10
98 54 10
99 54 10
0 55 10
3 55 10
4 55 10
5 55 10
6 55 10
7 55 10
8 55 10
9 55 10
10 55 10
11 55 10
12 55 10
13 55 10
14 55 10
15 55 10
16 55 10
17 55 10
18 55 10
19 55 10
20 55 10
21 55 10
22 55 10
23 55 10
24 55 10
25 55 10
26 55 10
27 55 10
28 55 10
29 55 10
30 55 10
31 55 10
32 55 10
33 55 10
34 55 10
35 55 10
36 55 10
37 55 10
38 55 10
39 55 10
40 55 10
41 55 10
42 55 10
43 55 10
44 55 10
45 55 10
46 55 10
47 55 10
48 55 10
49 55 10
50 55 10
51 55 10
52 55 10
53 55 10
54 55 10
55 55 10
56 55 10
57 55 10
58 55 10
59 55 10
60 55 10
61 55 10
62 55 10
63 55 10
64 55 10
65 55 10
66 55 10
67 55 10
68 55 10
69 55 10
70 55 10
71 55 10
72 55 10
73 55 10
74 55 10
75 55 10
76 55 10
77 55 10
78 55 10
79 55 10
80 55 10
81 55 10
82 55 10
83 55 10
84 55 10
85 55 10
87 55 10
88 55 10
89 55 10
90 55 10
91 55 10
92 55 10
93 55 10
94 55 10
95 55 10
96 55 10
97 55 10
98 55 10
99 55 10
0 56 10
3 56 10
4 56 10
5 56 10
6 56 10
7 56 10
8 56 10
9 56 10
10 56 10
12 56 10
13 56 10
14 56 10
15 56 10
16 56 10
17 56 10
18 56 10
19 56 10
20 56 10
21 56 10
22 56 10
24 56 10
25 56 10
26 56 10
27 56 10
28 56 10
29 56 10
30 56 10
31 56 10
32 56 10
33 56 10
34 56 10
35 56 10
36 56 10
37 56 10
38 56 10
39 56 10
40 56 10
41 56 10
42 56 10
43 56 10
44 56 10
45 56 10
46 56 10
47 56 10
48 56 10
49 56 10
50 56 10
51 56 10
52 56 10
53 56 10
54 56 10
55 56 10
56 56 10
57 56 10
58 56 10
59 56 10
60 56 10
61 56 10
62 56 10
63 56 10
64 56 10
65 56 10
66 56 10
67 56 10
68 56 10
69 56 10
70 56 10
71 56 10
72 56 10
73 56 10
74 56 10
75 56 10
76 56 10
77 56 10
78 56 10
79 56 10
80 56 10
81 56 10
82 56 10
83 56 10
84 56 10
85 56 10
86 56 10
87 56 10
88 56 10
89 56 10
90 56 10
91 56 10
92 56 10
93 56 10
94 56 10
95 56 10
96 56 10
97 56 10
98 56 10
99 56 10
0 57 10
3 57 10
4 57 10
5 57 10
6 57 10
7 57 10
8 57 10
9 57 10
10 57 10
11 57 10
12 57 10
13 57 10
14 57 10
16 57 10
17 57 10
18 57 10
19 57 10
20 57 10
21 57 10
22 57 10
25 57 10
26 57 10
27 57 10
28 57 10
29 57 10
30 57 10
31 57 10
32 57 10
33 57 10
34 57 10
35 57 10
36 57 10
37 57 10
38 57 10
39 57 10
40 57 10
41 57 10
42 57 10
43 57 10
44 57 10
45 57 10
46 57 10
47 57 10
48 57 10
49 57 10
50 57 10
51 57 10
52 57 10
53 57 10
54 57 10
55 57 10
56 57 10
57 57 10
58 57 10
59 57 10
60 57 10
61 57 10
62 57 10
63 57 10
64 57 10
65 57 10
66 57 10
67 57 10
68 57 10
69 57 10
70 57 10
71 57 10
72 57 10
73 57 10
74 57 10
75 57 10
76 57 10
77 57 10
78 57 10
79 57 10
80 57 10
81 57 10
82 57 10
83 57 10
84 57 10
85 57 10
86 57 10
87 57 10
88 57 10
89 57 10
90 57 10
91 57 10
92 57 10
93 57 10
94 57 10
95 57 10
96 57 10
97 57 10
98 57 10
99 57 10
0 58 10
1 58 10
2 58 10
4 58 10
5 58 10
6 58 10
7 58 10
8 58 10
9 58 10
10 58 10
11 58 10
13 58 10
14 58 10
15 58 10
16 58 10
17 58 10
18 58 10
19 58 10
20 58 10
21 58 10
25 58 10
26 58 10
27 58 10
28 58 10
29 58 10
30 58 10
31 58 10
32 58 10
33 58 10
34 58 10
35 58 10
36 58 10
37 58 10
38 58 10
39 58 10
40 58 10
41 58 10
42 58 10
43 58 10
44 58 10
45 58 10
46 58 10
47 58 10
48 58 10
49 58 10
50 58 10
51 58 10
52 58 10
53 58 10
54 58 10
55 58 10
56 58 10
57 58 10
58 58 10
59 58 10
60 58 10
61 58 10
62 58 10
63 58 10
64 58 10
65 58 10
66 58 10
67 58 10
68 58 10
69 58 10
70 58 10
71 58 10
72 58 10
73 58 10
74 58 10
75 58 10
76 58 10
77 58 10
78 58 10
79 58 10
80 58 10
81 58 10
82 58 10
83 58 10
84 58 10
85 58 10
86 58 10
87 58 10
88 58 10
89 58 10
90 58 10
91 58 10
92 58 10
93 58 10
94 58 10
95 58 10
96 58 10
97 58 10
98 58 10
99 58 10
0 59 10
1 59 10
2 59 10
6 59 10
7 59 10
8 59 10
9 59 10
10 59 10
11 59 10
14 59 10
15 59 10
16 59 10
17 59 10
18 59 10
19 59 10
20 59 10
27 59 10
28 59 10
29 59 10
30 59 10
31 59 10
32 59 10
33 59 10
34 59 10
35 59 10
36 59 10
37 59 10
38 59 10
39 59 10
40 59 10
41 59 10
42 59 10
43 59 10
44 59 10
45 59 10
46 59 10
47 59 10
48 59 10
49 59 10
50 59 10
51 59 10
52 59 10
53 59 10
54 59 10
55 59 10
56 59 10
57 59 10
58 59 10
59 59 10
60 59 10
61 59 10
62 59 10
63 59 10
64 59 10
65 59 10
66 59 10
67 59 10
68 59 10
69 59 10
70 59 10
71 59 10
72 59 10
73 59 10
74 59 10
75 59 10
76 59 10
77 59 10
78 59 10
79 59 10
80 59 10
81 59 10
82 59 10
83 59 10
84 59 10
85 59 10
86 59 10
87 59 10
88 59 10
89 59 10
90 59 10
91 59 10
92 59 10
93 59 10
94 59 10
95 59 10
96 59 10
97 59 10
98 59 10
99 59 10
0 60 10
1 60 10
2 60 10
3 60 10
7 60 10
8 60 10
9 60 10
10 60 10
11 60 10
12 60 10
13 60 10
14 60 10
15 60 10
16 60 10
17 60 10
18 60 10
19 60 10
20 60 10
28 60 10
29 60 10
30 60 10
31 60 10
32 60 10
33 60 10
34 60 10
35 60 10
36 60 10
37 60 10
38 60 10
39 60 10
40 60 10
41 60 10
42 60 10
43 60 10
44 60 10
45 60 10
46 60 10
47 60 10
48 60 10
49 60 10
50 60 10
51 60 10
52 60 10
53 60 10
54 60 10
55 60 10
56 60 10
57 60 10
58 60 10
59 60 10
60 60 10
61 60 10
62 60 10
63 60 10
64 60 10
65 60 10
66 60 10
67 60 10
68 60 10
69 60 10
70 60 10
71 60 10
72 60 10
73 60 10
74 60 10
75 60 10
76 60 10
77 60 10
78 60 10
79 60 10
80 60 10
81 60 10
82 60 10
83 60 10
84 60 10
85 60 10
86 60 10
87 60 10
88 60 10
89 60 10
90 60 10
91 60 10
92 60 10
93 60 10
94 60 10
95 60 10
96 60 10
97 60 10
98 60 10
99 60 10
0 61 10
1 61 10
2 61 10
3 61 10
8 61 10
9 61 10
10 61 10
11 61 10
12 61 10
13 61 10
14 61 10
15 61 10
16 61 10
17 61 10
18 61 10
19 61 10
20 61 10
21 61 10
28 61 10
29 61 10
30 61 10
31 61 10
32 61 10
33 61 10
34 61 10
35 61 10
36 61 10
37 61 10
38 61 10
39 61 10
40 61 10
41 61 10
42 61 10
43 61 10
44 61 10
45 61 10
46 61 10
47 61 10
48 61 10
49 61 10
50 61 10
51 61 10
52 61 10
53 61 10
54 61 10
55 61 10
56 61 10
57 61 10
58 61 10
59 61 10
60 61 10
61 61 10
62 61 10
63 61 10
64 61 10
65 61 10
66 61 10
67 61 10
68 61 10
69 61 10
70 61 10
71 61 10
72 61 10
73 61 10
74 61 10
75 61 10
76 61 10
77 61 10
78 61 10
79 61 10
80 61 10
81 61 10
82 61 10
83 61 10
84 61 10
85 61 10
86 61 10
87 61 10
88 61 10
89 61 10
90 61 10
91 61 10
92 61 10
93 61 10
94 61 10
95 61 10
96 61 10
97 61 10
98 61 10
99 61 10
0 62 10
1 62 10
2 62 10
10 62 10
11 62 10
12 62 10
13 62 10
14 62 10
15 62 10
16 62 10
17 62 10
18 62 10
19 62 10
20 62 10
21 62 10
22 62 10
26 62 10
27 62 10
28 62 10
29 62 10
30 62 10
31 62 10
32 62 10
33 62 10
34 62 10
35 62 10
36 62 10
37 62 10
38 62 10
39 62 10
40 62 10
41 62 10
42 62 10
43 62 10
44 62 10
45 62 10
46 62 10
47 62 10
48 62 10
49 62 10
50 62 10
51 62 10
52 62 10
53 62 10
54 62 10
55 62 10
56 62 10
57 62 10
58 62 10
59 62 10
60 62 10
61 62 10
62 62 10
63 62 10
64 62 10
65 62 10
66 62 10
67 62 10
68 62 10
69 62 10
70 62 10
71 62 10
72 62 10
73 62 10
74 62 10
75 62 10
76 62 10
77 62 10
78 62 10
79 62 10
80 62 10
81 62 10
82 62 10
83 62 10
84 62 10
85 62 10
86 62 10
87 62 10
88 62 10
89 62 10
90 62 10
91 62 10
92 62 10
93 62 10
94 62 10
95 62 10
96 62 10
97 62 10
98 62 10
99 62 10
0 63 10
10 63 10
11 63 10
12 63 10
13 63 10
14 63 10
15 63 10
16 63 10
17 63 10
18 63 10
19 63 10
20 63 10
21 63 10
22 63 10
23 63 10
26 63 10
27 63 10
28 63 10
29 63 10
30 63 10
31 63 10
32 63 10
33 63 10
34 63 10
35 63 10
36 63 10
37 63 10
38 63 10
39 63 10
40 63 10
41 63 10
42 63 10
43 63 10
44 63 10
45 63 10
46 63 10
47 63 10
48 63 10
49 63 10
50 63 10
51 63 10
52 63 10
53 63 10
54 63 10
55 63 10
56 63 10
57 63 10
58 63 10
59 63 10
60 63 10
61 63 10
62 63 10
63 63 10
64 63 10
65 63 10
66 63 10
67 63 10
68 63 10
69 63 10
70 63 10
71 63 10
72 63 10
73 63 10
74 63 10
75 63 10
76 63 10
77 63 10
78 63 10
79 63 10
80 63 10
81 63 10
82 63 10
83 63 10
84 63 10
85 63 10
86 63 10
87 63 10
88 63 10
89 63 10
90 63 10
91 63 10
92 63 10
93 63 10
94 63 10
95 63 10
96 63 10
97 63 10
98 63 10
99 63 10
0 64 10
11 64 10
12 64 10
13 64 10
14 64 10
15 64 10
16 64 10
17 64 10
18 64 10
19 64 10
20 64 10
21 64 10
22 64 10
23 64 10
24 64 10
25 64 10
26 64 10
27 64 10
28 64 10
29 64 10
30 64 10
31 64 10
32 64 10
33 64 10
34 64 10
35 64 10
36 64 10
37 64 10
38 64 10
39 64 10
40 64 10
41 64 10
42 64 10
43 64 10
44 64 10
45 64 10
46 64 10
47 64 10
48 64 10
49 64 10
50 64 10
51 64 10
52 64 10
53 64 10
54 64 10
55 64 10
56 64 10
57 64 10
58 64 10
59 64 10
60 64 10
61 64 10
62 64 10
63 64 10
64 64 10
65 64 10
66 64 10
67 64 10
68 64 10
69 64 10
70 64 10
71 64 10
72 64 10
73 64 10
74 64 10
75 64 10
76 64 10
77 64 10
78 64 10
79 64 10
80 64 10
81 64 10
82 64 10
83 64 10
84 64 10
85 64 10
86 64 10
87 64 10
88 64 10
89 64 10
90 64 10
91 64 10
92 64 10
93 64 10
94 64 10
95 64 10
96 64 10
97 64 10
98 64 10
99 64 10
0 65 10
11 65 10
12 65 10
13 65 10
14 65 10
15 65 10
16 65 10
17 65 10
18 65 10
19 65 10
20 65 10
21 65 10
22 65 10
23 65 10
24 65 10
25 65 10
26 65 10
27 65 10
28 65 10
29 65 10
30 65 10
31 65 10
32 65 10
33 65 10
34 65 10
35 65 10
36 65 10
37 65 10
38 65 10
39 65 10
40 65 10
41 65 10
42 65 10
43 65 10
44 65 10
45 65 10
46 65 10
47 65 10
48 65 10
49 65 10
50 65 10
51 65 10
52 65 10
53 65 10
54 65 10
55 65 10
56 65 10
57 65 10
58 65 10
59 65 10
60 65 10
61 65 10
62 65 10
63 65 10
64 65 10
65 65 10
66 65 10
67 65 10
68 65 10
69 65 10
70 65 10
71 65 10
72 65 10
73 65 10
74 65 10
75 65 10
76 65 10
77 65 10
78 65 10
79 65 10
80 65 10
81 65 10
82 65 10
83 65 10
84 65 10
85 65 10
86 65 10
87 65 10
88 65 10
89 65 10
90 65 10
91 65 10
92 65 10
93 65 10
94 65 10
95 65 10
96 65 10
97 65 10
98 65 10
99 65 10
0 66 10
11 66 10
12 66 10
13 66 10
14 66 10
15 66 10
16 66 10
17 66 10
18 66 10
19 66 10
20 66 10
21 66 10
22 66 10
23 66 10
24 66 10
25 66 10
26 66 10
27 66 10
28 66 10
29 66 10
30 66 10
31 66 10
32 66 10
33 66 10
34 66 10
35 66 10
36 66 10
37 66 10
38 66 10
39 66 10
40 66 10
41 66 10
42 66 10
43 66 10
44 66 10
45 66 10
46 66 10
47 66 10
48 66 10
49 66 10
50 66 10
51 66 10
52 66 10
53 66 10
54 66 10
55 66 10
56 66 10
57 66 10
58 66 10
59 66 10
60 66 10
61 66 10
62 66 10
63 66 10
64 66 10
65 66 10
66 66 10
67 66 10
68 66 10
69 66 10
70 66 10
71 66 10
72 66 10
73 66 10
74 66 10
75 66 10
76 66 10
77 66 10
78 66 10
79 66 10
80 66 10
81 66 10
82 66 10
83 66 10
84 66 10
85 66 10
86 66 10
87 66 10
88 66 10
89 66 10
90 66 10
91 66 10
92 66 10
93 66 10
94 66 10
95 66 10
96 66 10
97 66 10
98 66 10
99 66 10
0 67 10
3 67 10
4 67 10
5 67 10
6 67 10
7 67 10
8 67 10
10 67 10
13 67 10
14 67 10
15 67 10
16 67 10
17 67 10
18 67 10
19 67 10
20 67 10
21 67 10
22 67 10
23 67 10
24 67 10
25 67 10
26 67 10
27 67 10
28 67 10
29 67 10
30 67 10
31 67 10
32 67 10
33 67 10
34 67 10
35 67 10
36 67 10
37 67 10
38 67 10
39 67 10
40 67 10
41 67 10
42 67 10
43 67 10
44 67 10
45 67 10
46 67 10
47 67 10
48 67 10
49 67 10
50 67 10
51 67 10
52 67 10
53 67 10
54 67 10
55 67 10
56 67 10
57 67 10
58 67 10
59 67 10
60 67 10
61 67 10
62 67 10
63 67 10
64 67 10
65 67 10
66 67 10
67 67 10
68 67 10
69 67 10
70 67 10
71 67 10
72 67 10
73 67 10
74 67 10
75 67 10
76 67 10
77 67 10
78 67 10
79 67 10
80 67 10
81 67 10
82 67 10
83 67 10
84 67 10
85 67 10
86 67 10
87 67 10
88 67 10
89 67 10
90 67 10
91 67 10
92 67 10
93 67 10
94 67 10
95 67 10
96 67 10
97 67 10
98 67 10
99 67 10
0 68 10
2 68 10
3 68 10
4 68 10
5 68 10
6 68 10
7 68 10
10 68 10
11 68 10
12 68 10
13 68 10
14 68 10
15 68 10
16 68 10
17 68 10
18 68 10
19 68 10
20 68 10
21 68 10
22 68 10
23 68 10
24 68 10
25 68 10
26 68 10
27 68 10
28 68 10
29 68 10
30 68 10
31 68 10
32 68 10
33 68 10
34 68 10
35 68 10
36 68 10
37 68 10
38 68 10
39 68 10
40 68 10
41 68 10
42 68 10
43 68 10
44 68 10
45 68 10
46 68 10
47 68 10
48 68 10
49 68 10
50 68 10
51 68 10
52 68 10
53 68 10
54 68 10
55 68 10
56 68 10
57 68 10
58 68 10
59 68 10
60 68 10
61 68 10
62 68 10
63 68 10
64 68 10
65 68 10
66 68 10
67 68 10
68 68 10
69 68 10
70 68 10
71 68 10
72 68 10
73 68 10
74 68 10
75 68 10
76 68 10
77 68 10
78 68 10
79 68 10
80 68 10
81 68 10
82 68 10
83 68 10
84 68 10
85 68 10
86 68 10
87 68 10
88 68 10
89 68 10
90 68 10
91 68 10
92 68 10
93 68 10
94 68 10
95 68 10
96 68 10
97 68 10
98 68 10
99 68 10
0 69 10
1 69 10
2 69 10
3 69 10
4 69 10
5 69 10
6 69 10
7 69 10
10 69 10
11 69 10
12 69 10
13 69 10
14 69 10
15 69 10
16 69 10
17 69 10
18 69 10
19 69 10
20 69 10
21 69 10
22 69 10
23 69 10
24 69 10
25 69 10
26 69 10
27 69 10
28 69 10
29 69 10
30 69 10
31 69 10
32 69 10
33 69 10
34 69 10
35 69 10
36 69 10
37 69 10
38 69 10
39 69 10
40 69 10
41 69 10
42 69 10
43 69 10
44 69 10
45 69 10
46 69 10
47 69 10
48 69 10
49 69 10
50 69 10
51 69 10
52 69 10
53 69 10
54 69 10
55 69 10
56 69 10
57 69 10
58 69 10
59 69 10
60 69 10
61 69 10
62 69 10
63 69 10
64 69 10
65 69 10
66 69 10
67 69 10
68 69 10
69 69 10
70 69 10
71 69 10
72 69 10
73 69 10
74 69 10
75 69 10
76 69 10
77 69 10
78 69 10
79 69 10
80 69 10
81 69 10
82 69 10
83 69 10
84 69 10
85 69 10
86 69 10
87 69 10
88 69 10
89 69 10
90 69 10
91 69 10
92 69 10
93 69 10
94 69 10
95 69 10
96 69 10
97 69 10
98 69 10
99 69 10
0 70 10
1 70 10
2 70 10
3 70 10
4 70 10
5 70 10
6 70 10
7 70 10
8 70 10
9 70 10
10 70 10
11 70 10
12 70 10
13 70 10
14 70 10
16 70 10
17 70 10
18 70 10
19 70 10
20 70 10
21 70 10
22 70 10
23 70 10
24 70 10
25 70 10
26 70 10
27 70 10
28 70 10
29 70 10
30 70 10
31 70 10
32 70 10
33 70 10
34 70 10
35 70 10
36 70 10
37 70 10
38 70 10
39 70 10
40 70 10
41 70 10
42 70 10
43 70 10
44 70 10
45 70 10
46 70 10
47 70 10
48 70 10
49 70 10
50 70 10
51 70 10
52 70 10
53 70 10
54 70 10
55 70 10
56 70 10
57 70 10
58 70 10
59 70 10
60 70 10
61 70 10
62 70 10
63 70 10
64 70 10
65 70 10
66 70 10
67 70 10
68 70 10
69 70 10
70 70 10
71 70 10
72 70 10
73 70 10
74 70 10
75 70 10
76 70 10
77 70 10
78 70 10
79 70 10
80 70 10
81 70 10
82 70 10
83 70 10
84 70 10
85 70 10
86 70 10
87 70 10
88 70 10
89 70 10
90 70 10
91 70 10
92 70 10
93 70 10
94 70 10
95 70 10
96 70 10
97 70 10
98 70 10
99 70 10
0 71 10
1 71 10
2 71 10
3 71 10
4 71 10
5 71 10
6 71 10
7 71 10
8 71 10
9 71 10
10 71 10
11 71 10
12 71 10
13 71 10
14 71 10
15 71 10
17 71 10
18 71 10
19 71 10
20 71 10
21 71 10
22 71 10
23 71 10
24 71 10
25 71 10
26 71 10
27 71 10
28 71 10
29 71 10
30 71 10
31 71 10
32 71 10
33 71 10
34 71 10
35 71 10
36 71 10
37 71 10
38 71 10
39 71 10
40 71 10
41 71 10
42 71 10
43 71 10
44 71 10
45 71 10
46 71 10
47 71 10
48 71 10
49 71 10
50 71 10
51 71 10
52 71 10
53 71 10
54 71 10
55 71 10
56 71 10
57 71 10
58 71 10
59 71 10
60 71 10
61 71 10
62 71 10
63 71 10
64 71 10
65 71 10
66 71 10
67 71 10
68 71 10
69 71 10
70 71 10
71 71 10
72 71 10
73 71 10
74 71 10
75 71 10
76 71 10
77 71 10
78 71 10
79 71 10
80 71 10
81 71 10
82 71 10
83 71 10
84 71 10
85 71 10
86 71 10
87 71 10
88 71 10
89 71 10
90 71 10
91 71 10
92 71 10
93 71 10
94 71 10
95 71 10
96 71 10
97 71 10
98 71 10
99 71 10
0 72 10
1 72 10
2 72 10
3 72 10
4 72 10
5 72 10
6 72 10
7 72 10
8 72 10
9 72 10
10 72 10
11 72 10
12 72 10
13 72 10
14 72 10
15 72 10
16 72 10
17 72 10
18 72 10
19 72 10
20 72 10
21 72 10
22 72 10
23 72 10
24 72 10
25 72 10
26 72 10
27 72 10
28 72 10
29 72 10
30 72 10
31 72 10
32 72 10
33 72 10
34 72 10
35 72 10
36 72 10
37 72 10
38 72 10
39 72 10
40 72 10
41 72 10
42 72 10
43 72 10
44 72 10
45 72 10
46 72 10
47 72 10
48 72 10
49 72 10
50 72 10
51 72 10
52 72 10
53 72 10
54 72 10
55 72 10
56 72 10
57 72 10
58 72 10
59 72 10
60 72 10
61 72 10
62 72 10
63 72 10
64 72 10
65 72 10
66 72 10
67 72 10
68 72 10
69 72 10
70 72 10
71 72 10
72 72 10
73 72 10
74 72 10
75 72 10
76 72 10
77 72 10
78 72 10
79 72 10
80 72 10
81 72 10
82 72 10
83 72 10
84 72 10
85 72 10
86 72 10
87 72 10
88 72 10
89 72 10
90 72 10
91 72 10
92 72 10
93 72 10
94 72 10
95 72 10
96 72 10
97 72 10
98 72 10
99 72 10
0 73 10
1 73 10
2 73 10
3 73 10
4 73 10
5 73 10
6 73 10
7 73 10
8 73 10
9 73 10
10 73 10
11 73 10
12 73 10
13 73 10
14 73 10
15 73 10
16 73 10
17 73 10
18 73 10
19 73 10
20 73 10
21 73 10
22 73 10
23 73 10
24 73 10
25 73 10
26 73 10
27 73 10
28 73 10
29 73 10
30 73 10
31 73 10
32 73 10
33 73 10
34 73 10
35 73 10
36 73 10
37 73 10
38 73 10
39 73 10
40 73 10
41 73 10
42 73 10
43 73 10
44 73 10
45 73 10
46 73 10
47 73 10
48 73 10
49 73 10
50 73 10
51 73 10
52 73 10
53 73 10
54 73 10
55 73 10
56 73 10
57 73 10
58 73 10
59 73 10
60 73 10
61 73 10
62 73 10
63 73 10
64 73 10
65 73 10
66 73 10
67 73 10
68 73 10
69 73 10
70 73 10
71 73 10
72 73 10
73 73 10
74 73 10
75 73 10
76 73 10
77 73 10
78 73 10
79 73 10
80 73 10
81 73 10
82 73 10
83 73 10
84 73 10
85 73 10
86 73 10
87 73 10
88 73 10
89 73 10
90 73 10
91 73 10
92 73 10
93 73 10
94 73 10
95 73 10
96 73 10
97 73 10
98 73 10
99 73 10
0 74 10
1 74 10
2 74 10
3 74 10
4 74 10
5 74 10
6 74 10
7 74 10
8 74 10
9 74 10
10 74 10
11 74 10
12 74 10
13 74 10
14 74 10
15 74 10
16 74 10
17 74 10
18 74 10
19 74 10
20 74 10
21 74 10
22 74 10
23 74 10
24 74 10
25 74 10
26 74 10
27 74 10
28 74 10
29 74 10
30 74 10
31 74 10
32 74 10
33 74 10
34 74 10
35 74 10
36 74 10
37 74 10
38 74 10
39 74 10
40 74 10
41 74 10
42 74 10
43 74 10
44 74 10
45 74 10
46 74 10
47 74 10
48 74 10
49 74 10
50 74 10
51 74 10
52 74 10
53 74 10
54 74 10
55 74 10
56 74 10
57 74 10
58 74 10
59 74 10
60 74 10
61 74 10
62 74 10
63 74 10
64 74 10
65 74 10
66 74 10
67 74 10
68 74 10
69 74 10
70 74 10
71 74 10
72 74 10
73 74 10
74 74 10
75 74 10
76 74 10
77 74 10
78 74 10
79 74 10
80 74 10
81 74 10
82 74 10
83 74 10
84 74 10
85 74 10
86 74 10
87 74 10
88 74 10
89 74 10
90 74 10
91 74 10
92 74 10
93 74 10
94 74 10
95 74 10
96 74 10
97 74 10
98 74 10
99 74 10
0 75 10
2 75 10
3 75 10
4 75 10
5 75 10
6 75 10
7 75 10
8 75 10
9 75 10
10 75 10
11 75 10
12 75 10
13 75 10
14 75 10
15 75 10
16 75 10
17 75 10
18 75 10
19 75 10
20 75 10
21 75 10
22 75 10
23 75 10
24 75 10
25 75 10
26 75 10
27 75 10
28 75 10
29 75 10
30 75 10
31 75 10
32 75 10
33 75 10
34 75 10
35 75 10
36 75 10
37 75 10
38 75 10
39 75 10
40 75 10
41 75 10
42 75 10
43 75 10
44 75 10
45 75 10
46 75 10
47 75 10
48 75 10
49 75 10
50 75 10
51 75 10
52 75 10
53 75 10
54 75 10
55 75 10
56 75 10
57 75 10
58 75 10
59 75 10
60 75 10
61 75 10
62 75 10
63 75 10
64 75 10
65 75 10
66 75 10
67 75 10
68 75 10
69 75 10
70 75 10
71 75 10
72 75 10
73 75 10
74 75 10
75 75 10
76 75 10
77 75 10
78 75 10
79 75 10
80 75 10
81 75 10
82 75 10
83 75 10
84 75 10
85 75 10
86 75 10
87 75 10
88 75 10
89 75 10
90 75 10
91 75 10
92 75 10
93 75 10
94 75 10
95 75 10
96 75 10
97 75 10
98 75 10
99 75 10
0 76 10
1 76 10
2 76 10
3 76 10
4 76 10
5 76 10
6 76 10
7 76 10
8 76 10
9 76 10
10 76 10
11 76 10
12 76 10
13 76 10
14 76 10
15 76 10
16 76 10
17 76 10
18 76 10
19 76 10
20 76 10
21 76 10
22 76 10
23 76 10
24 76 10
25 76 10
26 76 10
27 76 10
28 76 10
29 76 10
30 76 10
31 76 10
32 76 10
33 76 10
34 76 10
35 76 10
36 76 10
37 76 10
38 76 10
39 76 10
40 76 10
41 76 10
42 76 10
43 76 10
44 76 10
45 76 10
46 76 10
47 76 10
48 76 10
49 76 10
50 76 10
51 76 10
52 76 10
53 76 10
54 76 10
55 76 10
56 76 10
57 76 10
58 76 10
59 76 10
60 76 10
61 76 10
62 76 10
63 76 10
64 76 10
65 76 10
66 76 10
67 76 10
68 76 10
69 76 10
70 76 10
71 76 10
72 76 10
73 76 10
74 76 10
75 76 10
76 76 10
77 76 10
78 76 10
79 76 10
80 76 10
81 76 10
82 76 10
83 76 10
84 76 10
85 76 10
86 76 10
87 76 10
88 76 10
89 76 10
90 76 10
91 76 10
92 76 10
93 76 10
94 76 10
95 76 10
96 76 10
97 76 10
98 76 10
99 76 10
0 77 10
3 77 10
5 77 10
6 77 10
7 77 10
8 77 10
9 77 10
10 77 10
11 77 10
12 77 10
13 77 10
14 77 10
15 77 10
16 77 10
17 77 10
18 77 10
19 77 10
20 77 10
21 77 10
22 77 10
23 77 10
24 77 10
25 77 10
26 77 10
27 77 10
28 77 10
29 77 10
30 77 10
31 77 10
32 77 10
33 77 10
34 77 10
35 77 10
36 77 10
37 77 10
38 77 10
39 77 10
40 77 10
41 77 10
42 77 10
43 77 10
44 77 10
45 77 10
46 77 10
47 77 10
48 77 10
49 77 10
50 77 10
51 77 10
52 77 10
53 77 10
54 77 10
55 77 10
56 77 10
57 77 10
58 77 10
59 77 10
60 77 10
61 77 10
62 77 10
63 77 10
64 77 10
65 77 10
66 77 10
67 77 10
68 77 10
69 77 10
70 77 10
71 77 10
72 77 10
73 77 10
74 77 10
75 77 10
76 77 10
77 77 10
78 77 10
79 77 10
80 77 10
81 77 10
82 77 10
83 77 10
84 77 10
85 77 10
86 77 10
87 77 10
88 77 10
89 77 10
90 77 10
91 77 10
92 77 10
93 77 10
94 77 10
95 77 10
96 77 10
97 77 10
98 77 10
99 77 10
0 78 10
2 78 10
3 78 10
4 78 10
5 78 10
6 78 10
7 78 10
8 78 10
9 78 10
10 78 10
11 78 10
12 78 10
13 78 10
14 78 10
15 78 10
16 78 10
17 78 10
18 78 10
19 78 10
20 78 10
21 78 10
22 78 10
23 78 10
24 78 10
25 78 10
26 78 10
27 78 10
28 78 10
29 78 10
30 78 10
31 78 10
32 78 10
33 78 10
34 78 10
35 78 10
36 78 10
37 78 10
38 78 10
39 78 10
40 78 10
41 78 10
42 78 10
43 78 10
44 78 10
45 78 10
46 78 10
47 78 10
48 78 10
49 78 10
50 78 10
51 78 10
52 78 10
53 78 10
54 78 10
55 78 10
56 78 10
57 78 10
58 78 10
59 78 10
60 78 10
61 78 10
62 78 10
63 78 10
64 78 10
65 78 10
66 78 10
67 78 10
68 78 10
69 78 10
70 78 10
71 78 10
72 78 10
73 78 10
74 78 10
75 78 10
76 78 10
77 78 10
78 78 10
79 78 10
80 78 10
81 78 10
82 78 10
83 78 10
84 78 10
85 78 10
86 78 10
87 78 10
88 78 10
89 78 10
90 78 10
91 78 10
92 78 10
93 78 10
94 78 10
95 78 10
96 78 10
97 78 10
98 78 10
99 78 10
0 79 10
1 79 10
2 79 10
3 79 10
4 79 10
5 79 10
6 79 10
7 79 10
8 79 10
9 79 10
10 79 10
11 79 10
12 79 10
13 79 10
14 79 10
15 79 10
16 79 10
17 79 10
18 79 10
19 79 10
20 79 10
21 79 10
22 79 10
23 79 10
24 79 10
25 79 10
26 79 10
27 79 10
28 79 10
29 79 10
30 79 10
31 79 10
32 79 10
33 79 10
34 79 10
35 79 10
36 79 10
37 79 10
38 79 10
39 79 10
40 79 10
41 79 10
42 79 10
43 79 10
44 79 10
45 79 10
46 79 10
47 79 10
48 79 10
49 79 10
50 79 10
51 79 10
52 79 10
53 79 10
54 79 10
55 79 10
56 79 10
57 79 10
58 79 10
59 79 10
60 79 10
61 79 10
62 79 10
63 79 10
64 79 10
65 79 10
66 79 10
67 79 10
68 79 10
69 79 10
70 79 10
71 79 10
72 79 10
73 79 10
74 79 10
75 79 10
76 79 10
77 79 10
78 79 10
79 79 10
80 79 10
81 79 10
82 79 10
83 79 10
84 79 10
85 79 10
86 79 10
87 79 10
88 79 10
89 79 10
90 79 10
91 79 10
92 79 10
93 79 10
94 79 10
95 79 10
96 79 10
97 79 10
98 79 10
99 79 10
0 80 10
2 80 10
3 80 10
4 80 10
5 80 10
6 80 10
7 80 10
8 80 10
9 80 10
10 80 10
11 80 10
12 80 10
13 80 10
14 80 10
15 80 10
16 80 10
17 80 10
18 80 10
19 80 10
20 80 10
21 80 10
22 80 10
23 80 10
24 80 10
25 80 10
26 80 10
27 80 10
28 80 10
29 80 10
30 80 10
31 80 10
32 80 10
33 80 10
34 80 10
35 80 10
36 80 10
37 80 10
38 80 10
39 80 10
40 80 10
41 80 10
42 80 10
43 80 10
44 80 10
45 80 10
46 80 10
47 80 10
48 80 10
49 80 10
50 80 10
51 80 10
52 80 10
53 80 10
54 80 10
55 80 10
56 80 10
57 80 10
58 80 10
59 80 10
60 80 10
61 80 10
62 80 10
63 80 10
64 80 10
65 80 10
66 80 10
67 80 10
68 80 10
69 80 10
70 80 10
71 80 10
72 80 10
73 80 10
74 80 10
75 80 10
76 80 10
77 80 10
78 80 10
79 80 10
80 80 10
81 80 10
82 80 10
83 80 10
84 80 10
85 80 10
86 80 10
87 80 10
88 80 10
89 80 10
90 80 10
91 80 10
92 80 10
93 80 10
94 80 10
95 80 10
96 80 10
99 80 10
0 81 10
1 81 10
2 81 10
4 81 10
5 81 10
6 81 10
7 81 10
8 81 10
9 81 10
10 81 10
11 81 10
12 81 10
13 81 10
14 81 10
15 81 10
16 81 10
17 81 10
18 81 10
19 81 10
20 81 10
21 81 10
22 81 10
23 81 10
24 81 10
25 81 10
26 81 10
27 81 10
28 81 10
29 81 10
30 81 10
31 81 10
32 81 10
33 81 10
34 81 10
35 81 10
36 81 10
37 81 10
38 81 10
39 81 10
40 81 10
41 81 10
42 81 10
43 81 10
44 81 10
45 81 10
46 81 10
47 81 10
48 81 10
49 81 10
50 81 10
51 81 10
52 81 10
53 81 10
54 81 10
55 81 10
56 81 10
57 81 10
58 81 10
59 81 10
60 81 10
61 81 10
62 81 10
63 81 10
64 81 10
65 81 10
66 81 10
67 81 10
68 81 10
69 81 10
70 81 10
71 81 10
72 81 10
73 81 10
74 81 10
75 81 10
76 81 10
77 81 10
78 81 10
79 81 10
80 81 10
81 81 10
82 81 10
83 81 10
84 81 10
85 81 10
86 81 10
87 81 10
88 81 10
89 81 10
90 81 10
91 81 10
92 81 10
93 81 10
94 81 10
95 81 10
96 81 10
97 81 10
98 81 10
99 81 10
0 82 10
2 82 10
3 82 10
4 82 10
5 82 10
6 82 10
7 82 10
8 82 10
9 82 10
10 82 10
11 82 10
12 82 10
13 82 10
14 82 10
15 82 10
16 82 10
17 82 10
18 82 10
19 82 10
20 82 10
21 82 10
22 82 10
23 82 10
24 82 10
25 82 10
26 82 10
27 82 10
28 82 10
29 82 10
30 82 10
31 82 10
32 82 10
33 82 10
34 82 10
35 82 10
36 82 10
37 82 10
38 82 10
39 82 10
40 82 10
41 82 10
42 82 10
43 82 10
44 82 10
45 82 10
46 82 10
47 82 10
48 82 10
49 82 10
50 82 10
51 82 10
52 82 10
53 82 10
54 82 10
55 82 10
56 82 10
57 82 10
58 82 10
59 82 10
60 82 10
61 82 10
62 82 10
63 82 10
64 82 10
65 82 10
66 82 10
67 82 10
68 82 10
69 82 10
70 82 10
71 82 10
72 82 10
73 82 10
74 82 10
75 82 10
76 82 10
77 82 10
78 82 10
79 82 10
80 82 10
81 82 10
82 82 10
83 82 10
84 82 10
85 82 10
86 82 10
87 82 10
88 82 10
89 82 10
90 82 10
91 82 10
92 82 10
93 82 10
94 82 10
95 82 10
96 82 10
97 82 10
98 82 10
99 82 10
0 83 10
2 83 10
3 83 10
4 83 10
5 83 10
6 83 10
7 83 10
8 83 10
9 83 10
10 83 10
11 83 10
12 83 10
13 83 10
14 83 10
15 83 10
16 83 10
17 83 10
18 83 10
19 83 10
20 83 10
21 83 10
22 83 10
23 83 10
24 83 10
25 83 10
26 83 10
27 83 10
28 83 10
29 83 10
30 83 10
31 83 10
32 83 10
33 83 10
34 83 10
35 83 10
36 83 10
37 83 10
38 83 10
39 83 10
40 83 10
41 83 10
42 83 10
43 83 10
44 83 10
45 83 10
46 83 10
47 83 10
48 83 10
49 83 10
50 83 10
51 83 10
52 83 10
53 83 10
54 83 10
55 83 10
56 83 10
57 83 10
58 83 10
59 83 10
60 83 10
61 83 10
62 83 10
63 83 10
64 83 10
65 83 10
66 83 10
67 83 10
68 83 10
69 83 10
70 83 10
71 83 10
72 83 10
73 83 10
74 83 10
75 83 10
76 83 10
77 83 10
78 83 10
79 83 10
80 83 10
81 83 10
82 83 10
83 83 10
84 83 10
85 83 10
86 83 10
87 83 10
88 83 10
89 83 10
90 83 10
91 83 10
92 83 10
93 83 10
94 83 10
95 83 10
96 83 10
97 83 10
98 83 10
99 83 10
0 84 10
2 84 10
3 84 10
4 84 10
5 84 10
6 84 10
7 84 10
8 84 10
9 84 10
10 84 10
11 84 10
12 84 10
13 84 10
14 84 10
15 84 10
16 84 10
17 84 10
18 84 10
19 84 10
20 84 10
21 84 10
22 84 10
23 84 10
24 84 10
25 84 10
26 84 10
27 84 10
28 84 10
29 84 10
30 84 10
31 84 10
32 84 10
33 84 10
34 84 10
35 84 10
36 84 10
37 84 10
38 84 10
39 84 10
40 84 10
41 84 10
42 84 10
43 84 10
44 84 10
45 84 10
46 84 10
47 84 10
48 84 10
49 84 10
50 84 10
51 84 10
52 84 10
53 84 10
54 84 10
55 84 10
56 84 10
57 84 10
58 84 10
59 84 10
60 84 10
61 84 10
62 84 10
63 84 10
64 84 10
65 84 10
66 84 10
67 84 10
68 84 10
69 84 10
70 84 10
71 84 10
72 84 10
73 84 10
74 84 10
75 84 10
76 84 10
77 84 10
78 84 10
79 84 10
80 84 10
81 84 10
82 84 10
83 84 10
84 84 10
85 84 10
86 84 10
87 84 10
88 84 10
89 84 10
90 84 10
91 84 10
92 84 10
93 84 10
94 84 10
95 84 10
96 84 10
97 84 10
98 84 10
99 84 10
0 85 10
1 85 10
2 85 10
3 85 10
4 85 10
5 85 10
6 85 10
7 85 10
8 85 10
9 85 10
10 85 10
11 85 10
12 85 10
13 85 10
14 85 10
15 85 10
16 85 10
17 85 10
18 85 10
19 85 10
20 85 10
21 85 10
22 85 10
24 85 10
25 85 10
26 85 10
27 85 10
28 85 10
29 85 10
30 85 10
31 85 10
32 85 10
33 85 10
34 85 10
35 85 10
36 85 10
37 85 10
38 85 10
39 85 10
40 85 10
41 85 10
42 85 10
43 85 10
44 85 10
45 85 10
46 85 10
47 85 10
48 85 10
49 85 10
50 85 10
51 85 10
52 85 10
53 85 10
54 85 10
55 85 10
56 85 10
57 85 10
58 85 10
59 85 10
60 85 10
61 85 10
62 85 10
63 85 10
64 85 10
65 85 10
66 85 10
67 85 10
68 85 10
69 85 10
70 85 10
71 85 10
72 85 10
73 85 10
74 85 10
75 85 10
76 85 10
77 85 10
78 85 10
79 85 10
80 85 10
81 85 10
82 85 10
83 85 10
84 85 10
85 85 10
86 85 10
87 85 10
88 85 10
89 85 10
90 85 10
91 85 10
92 85 10
93 85 10
94 85 10
95 85 10
96 85 10
97 85 10
98 85 10
99 85 10
0 86 10
1 86 10
2 86 10
3 86 10
4 86 10
5 86 10
6 86 10
7 86 10
9 86 10
10 86 10
11 86 10
12 86 10
13 86 10
14 86 10
15 86 10
16 86 10
17 86 10
18 86 10
19 86 10
20 86 10
21 86 10
22 86 10
23 86 10
24 86 10
25 86 10
26 86 10
27 86 10
28 86 10
29 86 10
30 86 10
31 86 10
32 86 10
33 86 10
34 86 10
35 86 10
36 86 10
37 86 10
38 86 10
39 86 10
40 86 10
41 86 10
42 86 10
43 86 10
44 86 10
45 86 10
46 86 10
47 86 10
48 86 10
49 86 10
50 86 10
51 86 10
52 86 10
53 86 10
54 86 10
55 86 10
56 86 10
57 86 10
58 86 10
59 86 10
60 86 10
61 86 10
62 86 10
63 86 10
64 86 10
65 86 10
66 86 10
67 86 10
68 86 10
69 86 10
70 86 10
71 86 10
72 86 10
73 86 10
74 86 10
75 86 10
76 86 10
77 86 10
78 86 10
79 86 10
80 86 10
81 86 10
82 86 10
83 86 10
84 86 10
85 86 10
86 86 10
87 86 10
88 86 10
89 86 10
90 86 10
91 86 10
92 86 10
93 86 10
94 86 10
95 86 10
96 86 10
97 86 10
98 86 10
99 86 10
0 87 10
1 87 10
2 87 10
3 87 10
5 87 10
6 87 10
7 87 10
8 87 10
9 87 10
10 87 10
11 87 10
12 87 10
13 87 10
14 87 10
15 87 10
16 87 10
17 87 10
18 87 10
19 87 10
20 87 10
21 87 10
22 87 10
23 87 10
24 87 10
25 87 10
26 87 10
27 87 10
28 87 10
29 87 10
30 87 10
31 87 10
32 87 10
33 87 10
34 87 10
35 87 10
36 87 10
37 87 10
38 87 10
39 87 10
40 87 10
41 87 10
42 87 10
43 87 10
44 87 10
45 87 10
46 87 10
47 87 10
48 87 10
49 87 10
50 87 10
51 87 10
52 87 10
53 87 10
54 87 10
55 87 10
56 87 10
57 87 10
58 87 10
59 87 10
60 87 10
61 87 10
62 87 10
63 87 10
64 87 10
65 87 10
66 87 10
67 87 10
68 87 10
69 87 10
70 87 10
71 87 10
72 87 10
73 87 10
74 87 10
75 87 10
76 87 10
77 87 10
78 87 10
79 87 10
80 87 10
81 87 10
82 87 10
83 87 10
84 87 10
85 87 10
86 87 10
87 87 10
88 87 10
89 87 10
90 87 10
91 87 10
92 87 10
93 87 10
94 87 10
95 87 10
96 87 10
97 87 10
98 87 10
99 87 10
0 88 10
1 88 10
2 88 10
3 88 10
4 88 10
5 88 10
6 88 10
7 88 10
8 88 10
9 88 10
10 88 10
11 88 10
12 88 10
13 88 10
14 88 10
15 88 10
16 88 10
17 88 10
18 88 10
19 88 10
20 88 10
21 88 10
22 88 10
23 88 10
24 88 10
25 88 10
26 88 10
27 88 10
28 88 10
29 88 10
30 88 10
31 88 10
32 88 10
33 88 10
34 88 10
35 88 10
36 88 10
37 88 10
38 88 10
39 88 10
40 88 10
41 88 10
42 88 10
43 88 10
44 88 10
45 88 10
46 88 10
47 88 10
48 88 10
49 88 10
50 88 10
51 88 10
52 88 10
53 88 10
54 88 10
55 88 10
56 88 10
57 88 10
58 88 10
59 88 10
60 88 10
61 88 10
62 88 10
63 88 10
64 88 10
65 88 10
66 88 10
67 88 10
68 88 10
69 88 10
70 88 10
71 88 10
72 88 10
73 88 10
74 88 10
75 88 10
76 88 10
77 88 10
78 88 10
79 88 10
80 88 10
81 88 10
82 88 10
83 88 10
84 88 10
85 88 10
86 88 10
87 88 10
88 88 10
89 88 10
90 88 10
91 88 10
92 88 10
93 88 10
94 88 10
95 88 10
96 88 10
97 88 10
98 88 10
99 88 10
0 89 10
1 89 10
2 89 10
3 89 10
4 89 10
5 89 10
6 89 10
7 89 10
8 89 10
9 89 10
10 89 10
11 89 10
12 89 10
13 89 10
14 89 10
15 89 10
16 89 10
17 89 10
18 89 10
19 89 10
20 89 10
21 89 10
22 89 10
23 89 10
24 89 10
25 89 10
26 89 10
27 89 10
28 89 10
29 89 10
30 89 10
31 89 10
32 89 10
33 89 10
34 89 10
35 89 10
36 89 10
37 89 10
38 89 10
39 89 10
40 89 10
41 89 10
42 89 10
43 89 10
44 89 10
45 89 10
46 89 10
47 89 10
48 89 10
49 89 10
50 89 10
51 89 10
52 89 10
53 89 10
54 89 10
55 89 10
56 89 10
57 89 10
58 89 10
59 89 10
60 89 10
61 89 10
62 89 10
63 89 10
64 89 10
65 89 10
66 89 10
67 89 10
68 89 10
69 89 10
70 89 10
71 89 10
72 89 10
73 89 10
74 89 10
75 89 10
76 89 10
77 89 10
78 89 10
79 89 10
80 89 10
81 89 10
82 89 10
83 89 10
84 89 10
85 89 10
86 89 10
87 89 10
88 89 10
89 89 10
90 89 10
91 89 10
92 89 10
93 89 10
94 89 10
95 89 10
96 89 10
97 89 10
98 89 10
99 89 10
0 90 10
1 90 10
2 90 10
3 90 10
4 90 10
5 90 10
6 90 10
7 90 10
8 90 10
9 90 10
10 90 10
11 90 10
12 90 10
13 90 10
14 90 10
15 90 10
16 90 10
17 90 10
18 90 10
19 90 10
20 90 10
21 90 10
22 90 10
23 90 10
24 90 10
25 90 10
26 90 10
27 90 10
28 90 10
29 90 10
30 90 10
31 90 10
32 90 10
33 90 10
34 90 10
35 90 10
36 90 10
37 90 10
38 90 10
39 90 10
40 90 10
41 90 10
42 90 10
43 90 10
44 90 10
45 90 10
46 90 10
47 90 10
48 90 10
49 90 10
50 90 10
51 90 10
52 90 10
53 90 10
54 90 10
55 90 10
56 90 10
57 90 10
58 90 10
59 90 10
60 90 10
61 90 10
62 90 10
63 90 10
64 90 10
65 90 10
66 90 10
67 90 10
68 90 10
69 90 10
70 90 10
71 90 10
72 90 10
73 90 10
74 90 10
75 90 10
76 90 10
77 90 10
78 90 10
79 90 10
80 90 10
81 90 10
82 90 10
83 90 10
84 90 10
85 90 10
86 90 10
87 90 10
88 90 10
89 90 10
90 90 10
91 90 10
92 90 10
93 90 10
94 90 10
95 90 10
96 90 10
97 90 10
98 90 10
99 90 10
0 91 10
1 91 10
2 91 10
3 91 10
4 91 10
5 91 10
6 91 10
7 91 10
8 91 10
9 91 10
10 91 10
11 91 10
12 91 10
13 91 10
14 91 10
15 91 10
16 91 10
17 91 10
18 91 10
19 91 10
20 91 10
21 91 10
22 91 10
23 91 10
24 91 10
25 91 10
26 91 10
27 91 10
28 91 10
29 91 10
30 91 10
31 91 10
32 91 10
33 91 10
34 91 10
35 91 10
36 91 10
37 91 10
38 91 10
39 91 10
40 91 10
41 91 10
42 91 10
43 91 10
44 91 10
45 91 10
46 91 10
47 91 10
48 91 10
49 91 10
50 91 10
51 91 10
52 91 10
53 91 10
54 91 10
55 91 10
56 91 10
57 91 10
58 91 10
59 91 10
60 91 10
61 91 10
62 91 10
63 91 10
64 91 10
65 91 10
66 91 10
67 91 10
68 91 10
69 91 10
70 91 10
71 91 10
72 91 10
73 91 10
74 91 10
75 91 10
76 91 10
77 91 10
78 91 10
79 91 10
80 91 10
81 91 10
82 91 10
83 91 10
84 91 10
85 91 10
86 91 10
87 91 10
88 91 10
89 91 10
90 91 10
91 91 10
92 91 10
93 91 10
94 91 10
95 91 10
96 91 10
97 91 10
98 91 10
99 91 10
0 92 10
1 92 10
2 92 10
3 92 10
4 92 10
5 92 10
6 92 10
7 92 10
8 92 10
9 92 10
10 92 10
11 92 10
12 92 10
13 92 10
14 92 10
15 92 10
16 92 10
17 92 10
18 92 10
19 92 10
20 92 10
21 92 10
22 92 10
23 92 10
24 92 10
25 92 10
26 92 10
27 92 10
28 92 10
29 92 10
30 92 10
31 92 10
32 92 10
33 92 10
34 92 10
35 92 10
36 92 10
37 92 10
38 92 10
39 92 10
40 92 10
41 92 10
42 92 10
43 92 10
44 92 10
45 92 10
46 92 10
47 92 10
48 92 10
49 92 10
50 92 10
51 92 10
52 92 10
53 92 10
54 92 10
55 92 10
56 92 10
57 92 10
58 92 10
59 92 10
60 92 10
61 92 10
62 92 10
63 92 10
64 92 10
65 92 10
66 92 10
67 92 10
68 92 10
69 92 10
70 92 10
71 92 10
72 92 10
73 92 10
74 92 10
75 92 10
76 92 10
77 92 10
78 92 10
79 92 10
80 92 10
81 92 10
82 92 10
83 92 10
84 92 10
85 92 10
86 92 10
87 92 10
88 92 10
89 92 10
90 92 10
91 92 10
92 92 10
93 92 10
94 92 10
95 92 10
96 92 10
97 92 10
98 92 10
99 92 10
0 93 10
1 93 10
2 93 10
3 93 10
4 93 10
5 93 10
6 93 10
7 93 10
8 93 10
9 93 10
10 93 10
11 93 10
12 93 10
13 93 10
14 93 10
15 93 10
16 93 10
17 93 10
18 93 10
19 93 10
20 93 10
21 93 10
22 93 10
23 93 10
24 93 10
25 93 10
26 93 10
27 93 10
29 93 10
30 93 10
31 93 10
32 93 10
33 93 10
34 93 10
35 93 10
36 93 10
37 93 10
38 93 10
39 93 10
40 93 10
41 93 10
42 93 10
43 93 10
44 93 10
45 93 10
46 93 10
47 93 10
48 93 10
49 93 10
50 93 10
51 93 10
52 93 10
53 93 10
54 93 10
55 93 10
56 93 10
57 93 10
58 93 10
59 93 10
60 93 10
61 93 10
62 93 10
63 93 10
64 93 10
65 93 10
66 93 10
67 93 10
68 93 10
69 93 10
70 93 10
71 93 10
72 93 10
73 93 10
74 93 10
75 93 10
76 93 10
77 93 10
78 93 10
79 93 10
80 93 10
81 93 10
82 93 10
83 93 10
84 93 10
85 93 10
86 93 10
87 93 10
88 93 10
89 93 10
90 93 10
91 93 10
92 93 10
93 93 10
94 93 10
95 93 10
96 93 10
97 93 10
98 93 10
99 93 10
0 94 10
1 94 10
2 94 10
3 94 10
4 94 10
5 94 10
6 94 10
7 94 10
11 94 10
13 94 10
14 94 10
15 94 10
16 94 10
17 94 10
19 94 10
20 94 10
21 94 10
22 94 10
23 94 10
24 94 10
25 94 10
26 94 10
27 94 10
28 94 10
30 94 10
31 94 10
32 94 10
33 94 10
34 94 10
35 94 10
36 94 10
37 94 10
38 94 10
39 94 10
40 94 10
41 94 10
42 94 10
43 94 10
44 94 10
45 94 10
46 94 10
47 94 10
48 94 10
49 94 10
50 94 10
51 94 10
52 94 10
53 94 10
54 94 10
55 94 10
56 94 10
57 94 10
58 94 10
59 94 10
60 94 10
61 94 10
62 94 10
63 94 10
64 94 10
65 94 10
66 94 10
67 94 10
68 94 10
69 94 10
70 94 10
71 94 10
72 94 10
73 94 10
74 94 10
75 94 10
76 94 10
77 94 10
78 94 10
79 94 10
80 94 10
81 94 10
82 94 10
83 94 10
84 94 10
85 94 10
86 94 10
87 94 10
88 94 10
89 94 10
90 94 10
91 94 10
92 94 10
93 94 10
94 94 10
95 94 10
96 94 10
97 94 10
98 94 10
99 94 10
0 95 10
1 95 10
2 95 10
3 95 10
4 95 10
5 95 10
6 95 10
7 95 10
8 95 10
9 95 10
10 95 10
11 95 10
12 95 10
13 95 10
15 95 10
16 95 10
22 95 10
23 95 10
24 95 10
25 95 10
26 95 10
27 95 10
28 95 10
29 95 10
30 95 10
31 95 10
32 95 10
33 95 10
34 95 10
35 95 10
36 95 10
39 95 10
40 95 10
41 95 10
42 95 10
43 95 10
44 95 10
45 95 10
46 95 10
47 95 10
48 95 10
49 95 10
50 95 10
51 95 10
52 95 10
53 95 10
54 95 10
55 95 10
56 95 10
57 95 10
58 95 10
59 95 10
60 95 10
61 95 10
62 95 10
63 95 10
64 95 10
65 95 10
66 95 10
67 95 10
68 95 10
69 95 10
70 95 10
71 95 10
72 95 10
73 95 10
74 95 10
75 95 10
76 95 10
77 95 10
78 95 10
79 95 10
80 95 10
81 95 10
82 95 10
83 95 10
84 95 10
85 95 10
86 95 10
87 95 10
88 95 10
89 95 10
90 95 10
91 95 10
92 95 10
93 95 10
94 95 10
95 95 10
96 95 10
97 95 10
98 95 10
99 95 10
0 96 10
1 96 10
2 96 10
3 96 10
4 96 10
5 96 10
6 96 10
7 96 10
8 96 10
9 96 10
10 96 10
11 96 10
12 96 10
13 96 10
14 96 10
15 96 10
16 96 10
22 96 10
23 96 10
24 96 10
25 96 10
26 96 10
27 96 10
28 96 10
29 96 10
30 96 10
31 96 10
32 96 10
33 96 10
34 96 10
35 96 10
36 96 10
39 96 10
40 96 10
41 96 10
42 96 10
43 96 10
44 96 10
45 96 10
46 96 10
47 96 10
48 96 10
49 96 10
50 96 10
51 96 10
52 96 10
53 96 10
55 96 10
56 96 10
57 96 10
58 96 10
59 96 10
60 96 10
61 96 10
62 96 10
63 96 10
64 96 10
65 96 10
66 96 10
67 96 10
68 96 10
69 96 10
70 96 10
71 96 10
72 96 10
73 96 10
74 96 10
75 96 10
76 96 10
77 96 10
78 96 10
79 96 10
80 96 10
81 96 10
82 96 10
83 96 10
84 96 10
85 96 10
86 96 10
87 96 10
88 96 10
89 96 10
90 96 10
91 96 10
92 96 10
93 96 10
94 96 10
95 96 10
96 96 10
97 96 10
98 96 10
99 96 10
0 97 10
1 97 10
2 97 10
3 97 10
4 97 10
5 97 10
6 97 10
7 97 10
8 97 10
9 97 10
10 97 10
11 97 10
12 97 10
13 97 10
19 97 10
20 97 10
23 97 10
24 97 10
25 97 10
26 97 10
27 97 10
28 97 10
29 97 10
30 97 10
31 97 10
32 97 10
33 97 10
34 97 10
35 97 10
36 97 10
39 97 10
40 97 10
41 97 10
42 97 10
43 97 10
44 97 10
45 97 10
46 97 10
47 97 10
48 97 10
49 97 10
50 97 10
51 97 10
52 97 10
53 97 10
54 97 10
55 97 10
56 97 10
57 97 10
58 97 10
59 97 10
60 97 10
61 97 10
62 97 10
63 97 10
64 97 10
65 97 10
66 97 10
67 97 10
68 97 10
69 97 10
70 97 10
71 97 10
72 97 10
73 97 10
74 97 10
75 97 10
76 97 10
77 97 10
78 97 10
79 97 10
80 97 10
81 97 10
82 97 10
83 97 10
84 97 10
85 97 10
86 97 10
87 97 10
88 97 10
89 97 10
90 97 10
91 97 10
92 97 10
93 97 10
94 97 10
95 97 10
96 97 10
97 97 10
98 97 10
99 97 10
0 98 10
1 98 10
2 98 10
3 98 10
4 98 10
5 98 10
6 98 10
7 98 10
10 98 10
11 98 10
12 98 10
13 98 10
14 98 10
19 98 10
20 98 10
23 98 10
24 98 10
25 98 10
26 98 10
27 98 10
28 98 10
29 98 10
30 98 10
31 98 10
32 98 10
33 98 10
34 98 10
35 98 10
40 98 10
41 98 10
42 98 10
43 98 10
44 98 10
45 98 10
46 98 10
47 98 10
48 98 10
49 98 10
50 98 10
51 98 10
52 98 10
53 98 10
54 98 10
55 98 10
56 98 10
57 98 10
58 98 10
59 98 10
60 98 10
61 98 10
62 98 10
63 98 10
64 98 10
65 98 10
66 98 10
67 98 10
68 98 10
69 98 10
70 98 10
71 98 10
72 98 10
73 98 10
74 98 10
75 98 10
76 98 10
77 98 10
78 98 10
79 98 10
80 98 10
81 98 10
82 98 10
83 98 10
84 98 10
85 98 10
86 98 10
87 98 10
88 98 10
89 98 10
90 98 10
91 98 10
92 98 10
93 98 10
94 98 10
95 98 10
96 98 10
97 98 10
98 98 10
99 98 10
0 99 10
1 99 10
2 99 10
3 99 10
4 99 10
5 99 10
6 99 10
7 99 10
10 99 10
11 99 10
12 99 10
13 99 10
14 99 10
15 99 10
18 99 10
19 99 10
20 99 10
21 99 10
24 99 10
25 99 10
26 99 10
27 99 10
28 99 10
29 99 10
30 99 10
31 99 10
32 99 10
33 99 10
34 99 10
41 99 10
42 99 10
43 99 10
44 99 10
45 99 10
46 99 10
47 99 10
48 99 10
49 99 10
50 99 10
51 99 10
52 99 10
53 99 10
54 99 10
55 99 10
56 99 10
57 99 10
58 99 10
59 99 10
60 99 10
61 99 10
62 99 10
63 99 10
64 99 10
65 99 10
66 99 10
67 99 10
68 99 10
69 99 10
70 99 10
71 99 10
72 99 10
73 99 10
74 99 10
75 99 10
76 99 10
77 99 10
78 99 10
79 99 10
80 99 10
81 99 10
82 99 10
83 99 10
84 99 10
85 99 10
86 99 10
87 99 10
88 99 10
89 99 10
90 99 10
91 99 10
92 99 10
93 99 10
94 99 10
95 99 10
96 99 10
97 99 10
98 99 10
99 99 10
0 100 10
62 15 20
63 15 20
62 16 20
63 16 20
64 16 20
65 16 20
61 17 20
62 17 20
63 17 20
64 17 20
65 17 20
61 18 20
62 18 20
63 18 20
64 18 20
65 18 20
61 19 20
62 19 20
63 19 20
64 19 20
65 19 20
63 20 20
1 64 30
1 65 30
1 66 30
1 67 30
