#X Y Z
48 0 10
47 1 10
47 2 10
51 7 10
54 7 10
55 7 10
66 7 10
67 7 10
49 8 10
50 8 10
51 8 10
52 8 10
53 8 10
54 8 10
55 8 10
56 8 10
57 8 10
58 8 10
65 8 10
66 8 10
50 9 10
51 9 10
52 9 10
53 9 10
55 9 10
56 9 10
51 10 10
52 10 10
55 10 10
56 10 10
47 11 10
50 11 10
51 11 10
52 11 10
53 11 10
55 11 10
56 11 10
46 12 10
47 12 10
50 12 10
51 12 10
52 12 10
53 12 10
54 12 10
55 12 10
58 12 10
60 12 10
85 12 10
86 12 10
46 13 10
47 13 10
52 13 10
53 13 10
85 13 10
86 13 10
87 13 10
88 13 10
54 14 10
55 14 10
86 14 10
87 14 10
88 14 10
52 15 10
91 15 10
92 15 10
93 15 10
49 16 10
52 16 10
92 16 10
93 16 10
49 17 10
92 17 10
93 17 10
47 18 10
48 18 10
49 18 10
84 18 10
46 19 10
47 19 10
48 19 10
49 19 10
50 19 10
51 19 10
57 19 10
46 20 10
47 20 10
48 20 10
49 20 10
50 20 10
51 20 10
52 20 10
53 20 10
54 20 10
81 20 10
83 20 10
84 20 10
44 21 10
45 21 10
46 21 10
47 21 10
48 21 10
49 21 10
51 21 10
52 21 10
53 21 10
65 21 10
66 21 10
81 21 10
37 22 10
38 22 10
39 22 10
44 22 10
45 22 10
46 22 10
47 22 10
48 22 10
66 22 10
37 23 10
38 23 10
39 23 10
45 23 10
47 23 10
48 23 10
66 23 10
23 24 10
24 24 10
39 24 10
40 24 10
24 25 10
25 25 10
26 25 10
34 25 10
35 25 10
37 25 10
38 25 10
39 25 10
40 25 10
41 25 10
54 25 10
55 25 10
24 26 10
26 26 10
27 26 10
34 26 10
35 26 10
36 26 10
37 26 10
38 26 10
39 26 10
53 26 10
54 26 10
55 26 10
80 26 10
82 26 10
83 26 10
25 27 10
26 27 10
27 27 10
35 27 10
36 27 10
37 27 10
38 27 10
39 27 10
80 27 10
82 27 10
83 27 10
25 28 10
26 28 10
27 28 10
34 28 10
35 28 10
36 28 10
37 28 10
38 28 10
53 28 10
54 28 10
80 28 10
81 28 10
82 28 10
83 28 10
84 28 10
19 29 10
20 29 10
22 29 10
23 29 10
32 29 10
34 29 10
35 29 10
36 29 10
37 29 10
38 29 10
52 29 10
53 29 10
54 29 10
81 29 10
82 29 10
83 29 10
84 29 10
15 30 10
17 30 10
18 30 10
19 30 10
20 30 10
21 30 10
22 30 10
23 30 10
31 30 10
32 30 10
34 30 10
35 30 10
36 30 10
37 30 10
53 30 10
54 30 10
81 30 10
82 30 10
83 30 10
84 30 10
16 31 10
17 31 10
18 31 10
19 31 10
22 31 10
30 31 10
32 31 10
33 31 10
53 31 10
79 31 10
80 31 10
81 31 10
82 31 10
83 31 10
84 31 10
17 32 10
18 32 10
26 32 10
30 32 10
31 32 10
32 32 10
35 32 10
36 32 10
80 32 10
81 32 10
82 32 10
83 32 10
18 33 10
20 33 10
21 33 10
23 33 10
25 33 10
26 33 10
30 33 10
31 33 10
32 33 10
46 33 10
47 33 10
48 33 10
82 33 10
83 33 10
18 34 10
22 34 10
23 34 10
25 34 10
26 34 10
27 34 10
29 34 10
30 34 10
31 34 10
32 34 10
36 34 10
37 34 10
46 34 10
47 34 10
48 34 10
59 34 10
60 34 10
61 34 10
63 34 10
83 34 10
26 35 10
27 35 10
28 35 10
29 35 10
30 35 10
31 35 10
32 35 10
33 35 10
34 35 10
48 35 10
49 35 10
54 35 10
55 35 10
56 35 10
60 35 10
61 35 10
62 35 10
63 35 10
64 35 10
65 35 10
96 35 10
97 35 10
98 35 10
25 36 10
26 36 10
27 36 10
28 36 10
30 36 10
31 36 10
32 36 10
33 36 10
34 36 10
35 36 10
36 36 10
47 36 10
48 36 10
50 36 10
55 36 10
56 36 10
57 36 10
58 36 10
59 36 10
60 36 10
61 36 10
62 36 10
63 36 10
64 36 10
67 36 10
68 36 10
73 36 10
74 36 10
82 36 10
83 36 10
85 36 10
96 36 10
97 36 10
98 36 10
25 37 10
26 37 10
27 37 10
28 37 10
31 37 10
32 37 10
33 37 10
34 37 10
35 37 10
36 37 10
48 37 10
50 37 10
51 37 10
52 37 10
54 37 10
55 37 10
56 37 10
57 37 10
58 37 10
59 37 10
61 37 10
62 37 10
63 37 10
64 37 10
65 37 10
67 37 10
68 37 10
71 37 10
73 37 10
74 37 10
82 37 10
83 37 10
33 38 10
34 38 10
35 38 10
46 38 10
47 38 10
48 38 10
50 38 10
51 38 10
52 38 10
53 38 10
54 38 10
55 38 10
56 38 10
57 38 10
58 38 10
59 38 10
61 38 10
62 38 10
63 38 10
64 38 10
65 38 10
66 38 10
67 38 10
68 38 10
69 38 10
71 38 10
72 38 10
73 38 10
32 39 10
33 39 10
34 39 10
35 39 10
36 39 10
37 39 10
38 39 10
39 39 10
41 39 10
44 39 10
45 39 10
46 39 10
47 39 10
48 39 10
49 39 10
50 39 10
51 39 10
52 39 10
53 39 10
54 39 10
55 39 10
56 39 10
57 39 10
58 39 10
59 39 10
60 39 10
62 39 10
63 39 10
64 39 10
65 39 10
66 39 10
67 39 10
69 39 10
70 39 10
71 39 10
72 39 10
74 39 10
27 40 10
29 40 10
31 40 10
32 40 10
33 40 10
38 40 10
40 40 10
41 40 10
44 40 10
45 40 10
46 40 10
47 40 10
48 40 10
50 40 10
51 40 10
52 40 10
53 40 10
54 40 10
55 40 10
56 40 10
57 40 10
58 40 10
59 40 10
60 40 10
61 40 10
62 40 10
63 40 10
64 40 10
68 40 10
69 40 10
70 40 10
71 40 10
72 40 10
73 40 10
74 40 10
29 41 10
30 41 10
31 41 10
32 41 10
33 41 10
37 41 10
38 41 10
40 41 10
44 41 10
45 41 10
46 41 10
47 41 10
48 41 10
49 41 10
50 41 10
51 41 10
52 41 10
53 41 10
54 41 10
55 41 10
56 41 10
57 41 10
58 41 10
59 41 10
60 41 10
61 41 10
62 41 10
63 41 10
64 41 10
65 41 10
68 41 10
69 41 10
70 41 10
71 41 10
26 42 10
27 42 10
28 42 10
29 42 10
30 42 10
39 42 10
40 42 10
43 42 10
44 42 10
45 42 10
46 42 10
47 42 10
48 42 10
49 42 10
50 42 10
51 42 10
52 42 10
53 42 10
55 42 10
56 42 10
57 42 10
58 42 10
60 42 10
61 42 10
62 42 10
63 42 10
64 42 10
65 42 10
66 42 10
67 42 10
68 42 10
69 42 10
70 42 10
71 42 10
76 42 10
77 42 10
78 42 10
25 43 10
26 43 10
27 43 10
28 43 10
29 43 10
39 43 10
40 43 10
41 43 10
42 43 10
43 43 10
44 43 10
45 43 10
46 43 10
47 43 10
48 43 10
49 43 10
50 43 10
51 43 10
52 43 10
53 43 10
54 43 10
56 43 10
57 43 10
58 43 10
59 43 10
61 43 10
62 43 10
63 43 10
64 43 10
65 43 10
66 43 10
67 43 10
68 43 10
69 43 10
70 43 10
71 43 10
76 43 10
77 43 10
78 43 10
79 43 10
80 43 10
81 43 10
82 43 10
83 43 10
23 44 10
24 44 10
26 44 10
27 44 10
38 44 10
39 44 10
40 44 10
41 44 10
42 44 10
43 44 10
44 44 10
45 44 10
46 44 10
48 44 10
49 44 10
50 44 10
51 44 10
52 44 10
53 44 10
54 44 10
56 44 10
57 44 10
58 44 10
59 44 10
60 44 10
61 44 10
62 44 10
63 44 10
64 44 10
65 44 10
66 44 10
67 44 10
68 44 10
69 44 10
70 44 10
71 44 10
72 44 10
75 44 10
76 44 10
77 44 10
78 44 10
79 44 10
80 44 10
81 44 10
82 44 10
83 44 10
22 45 10
23 45 10
24 45 10
26 45 10
38 45 10
40 45 10
41 45 10
43 45 10
44 45 10
45 45 10
46 45 10
47 45 10
48 45 10
49 45 10
50 45 10
51 45 10
52 45 10
53 45 10
54 45 10
55 45 10
56 45 10
57 45 10
58 45 10
59 45 10
61 45 10
62 45 10
63 45 10
64 45 10
65 45 10
66 45 10
67 45 10
68 45 10
69 45 10
70 45 10
71 45 10
72 45 10
76 45 10
77 45 10
79 45 10
80 45 10
81 45 10
82 45 10
23 46 10
24 46 10
38 46 10
39 46 10
40 46 10
42 46 10
43 46 10
44 46 10
45 46 10
46 46 10
47 46 10
48 46 10
49 46 10
50 46 10
51 46 10
52 46 10
53 46 10
54 46 10
55 46 10
56 46 10
57 46 10
58 46 10
59 46 10
60 46 10
61 46 10
62 46 10
63 46 10
64 46 10
65 46 10
66 46 10
67 46 10
68 46 10
69 46 10
70 46 10
71 46 10
72 46 10
77 46 10
78 46 10
79 46 10
80 46 10
81 46 10
82 46 10
26 47 10
27 47 10
38 47 10
41 47 10
42 47 10
43 47 10
44 47 10
45 47 10
46 47 10
47 47 10
48 47 10
49 47 10
50 47 10
51 47 10
52 47 10
53 47 10
54 47 10
55 47 10
56 47 10
57 47 10
58 47 10
59 47 10
60 47 10
62 47 10
63 47 10
64 47 10
65 47 10
66 47 10
67 47 10
68 47 10
69 47 10
70 47 10
71 47 10
72 47 10
77 47 10
78 47 10
79 47 10
80 47 10
81 47 10
20 48 10
26 48 10
27 48 10
39 48 10
40 48 10
41 48 10
42 48 10
43 48 10
44 48 10
45 48 10
46 48 10
47 48 10
48 48 10
49 48 10
50 48 10
51 48 10
52 48 10
53 48 10
54 48 10
57 48 10
58 48 10
59 48 10
60 48 10
64 48 10
65 48 10
66 48 10
67 48 10
68 48 10
69 48 10
70 48 10
71 48 10
72 48 10
73 48 10
74 48 10
77 48 10
79 48 10
80 48 10
81 48 10
82 48 10
83 48 10
90 48 10
19 49 10
20 49 10
21 49 10
26 49 10
27 49 10
28 49 10
39 49 10
40 49 10
41 49 10
42 49 10
43 49 10
44 49 10
45 49 10
46 49 10
47 49 10
48 49 10
49 49 10
50 49 10
51 49 10
52 49 10
53 49 10
54 49 10
55 49 10
56 49 10
57 49 10
58 49 10
59 49 10
65 49 10
66 49 10
67 49 10
68 49 10
69 49 10
70 49 10
71 49 10
72 49 10
73 49 10
74 49 10
77 49 10
78 49 10
79 49 10
88 49 10
89 49 10
90 49 10
91 49 10
92 49 10
18 50 10
19 50 10
20 50 10
39 50 10
40 50 10
41 50 10
42 50 10
43 50 10
44 50 10
45 50 10
46 50 10
47 50 10
48 50 10
49 50 10
50 50 10
51 50 10
52 50 10
53 50 10
54 50 10
55 50 10
56 50 10
57 50 10
58 50 10
59 50 10
60 50 10
61 50 10
62 50 10
63 50 10
64 50 10
65 50 10
66 50 10
67 50 10
68 50 10
69 50 10
70 50 10
71 50 10
72 50 10
73 50 10
74 50 10
89 50 10
90 50 10
91 50 10
18 51 10
19 51 10
20 51 10
25 51 10
27 51 10
28 51 10
41 51 10
42 51 10
43 51 10
44 51 10
45 51 10
46 51 10
47 51 10
48 51 10
49 51 10
50 51 10
51 51 10
52 51 10
53 51 10
54 51 10
55 51 10
56 51 10
57 51 10
58 51 10
59 51 10
60 51 10
61 51 10
62 51 10
64 51 10
65 51 10
66 51 10
67 51 10
68 51 10
69 51 10
70 51 10
71 51 10
72 51 10
73 51 10
74 51 10
75 51 10
89 51 10
90 51 10
91 51 10
25 52 10
26 52 10
28 52 10
29 52 10
30 52 10
34 52 10
35 52 10
40 52 10
41 52 10
42 52 10
43 52 10
44 52 10
45 52 10
46 52 10
47 52 10
48 52 10
49 52 10
50 52 10
51 52 10
52 52 10
53 52 10
54 52 10
55 52 10
56 52 10
57 52 10
58 52 10
59 52 10
60 52 10
61 52 10
62 52 10
64 52 10
65 52 10
66 52 10
67 52 10
68 52 10
69 52 10
70 52 10
71 52 10
72 52 10
73 52 10
74 52 10
75 52 10
77 52 10
78 52 10
80 52 10
34 53 10
35 53 10
37 53 10
41 53 10
42 53 10
43 53 10
44 53 10
45 53 10
46 53 10
47 53 10
49 53 10
50 53 10
51 53 10
52 53 10
53 53 10
54 53 10
55 53 10
56 53 10
57 53 10
58 53 10
59 53 10
60 53 10
61 53 10
62 53 10
63 53 10
64 53 10
65 53 10
66 53 10
67 53 10
68 53 10
69 53 10
70 53 10
71 53 10
72 53 10
73 53 10
74 53 10
75 53 10
76 53 10
77 53 10
78 53 10
79 53 10
80 53 10
81 53 10
37 54 10
40 54 10
41 54 10
42 54 10
43 54 10
44 54 10
45 54 10
46 54 10
47 54 10
48 54 10
49 54 10
50 54 10
51 54 10
52 54 10
53 54 10
54 54 10
55 54 10
56 54 10
57 54 10
58 54 10
59 54 10
60 54 10
61 54 10
62 54 10
63 54 10
65 54 10
66 54 10
67 54 10
68 54 10
69 54 10
70 54 10
71 54 10
72 54 10
73 54 10
74 54 10
75 54 10
76 54 10
77 54 10
78 54 10
79 54 10
80 54 10
81 54 10
26 55 10
41 55 10
42 55 10
43 55 10
44 55 10
45 55 10
46 55 10
47 55 10
48 55 10
49 55 10
50 55 10
51 55 10
52 55 10
53 55 10
54 55 10
55 55 10
56 55 10
57 55 10
58 55 10
59 55 10
60 55 10
61 55 10
62 55 10
63 55 10
64 55 10
65 55 10
66 55 10
67 55 10
68 55 10
69 55 10
70 55 10
71 55 10
72 55 10
74 55 10
76 55 10
77 55 10
78 55 10
79 55 10
82 55 10
25 56 10
26 56 10
36 56 10
37 56 10
39 56 10
40 56 10
41 56 10
42 56 10
43 56 10
44 56 10
45 56 10
46 56 10
47 56 10
48 56 10
49 56 10
50 56 10
51 56 10
52 56 10
53 56 10
54 56 10
55 56 10
56 56 10
57 56 10
58 56 10
59 56 10
60 56 10
62 56 10
63 56 10
64 56 10
65 56 10
66 56 10
67 56 10
68 56 10
69 56 10
70 56 10
71 56 10
72 56 10
73 56 10
74 56 10
76 56 10
77 56 10
78 56 10
81 56 10
82 56 10
83 56 10
98 56 10
99 56 10
0 57 10
25 57 10
36 57 10
37 57 10
39 57 10
40 57 10
41 57 10
42 57 10
44 57 10
46 57 10
47 57 10
48 57 10
49 57 10
50 57 10
51 57 10
52 57 10
53 57 10
54 57 10
55 57 10
56 57 10
57 57 10
58 57 10
59 57 10
61 57 10
62 57 10
63 57 10
64 57 10
65 57 10
66 57 10
67 57 10
68 57 10
69 57 10
70 57 10
71 57 10
72 57 10
73 57 10
74 57 10
75 57 10
76 57 10
77 57 10
79 57 10
80 57 10
82 57 10
98 57 10
99 57 10
0 58 10
43 58 10
44 58 10
45 58 10
46 58 10
47 58 10
48 58 10
49 58 10
50 58 10
51 58 10
52 58 10
53 58 10
54 58 10
55 58 10
56 58 10
57 58 10
58 58 10
59 58 10
61 58 10
62 58 10
63 58 10
64 58 10
65 58 10
66 58 10
67 58 10
68 58 10
69 58 10
70 58 10
71 58 10
72 58 10
73 58 10
74 58 10
75 58 10
76 58 10
77 58 10
80 58 10
99 58 10
42 59 10
43 59 10
45 59 10
46 59 10
47 59 10
48 59 10
49 59 10
50 59 10
51 59 10
52 59 10
53 59 10
54 59 10
55 59 10
56 59 10
57 59 10
58 59 10
59 59 10
60 59 10
61 59 10
62 59 10
64 59 10
65 59 10
66 59 10
67 59 10
68 59 10
69 59 10
70 59 10
71 59 10
72 59 10
73 59 10
74 59 10
75 59 10
76 59 10
77 59 10
78 59 10
79 59 10
80 59 10
81 59 10
42 60 10
43 60 10
45 60 10
46 60 10
47 60 10
48 60 10
49 60 10
50 60 10
51 60 10
52 60 10
53 60 10
54 60 10
55 60 10
56 60 10
57 60 10
59 60 10
60 60 10
61 60 10
62 60 10
63 60 10
64 60 10
65 60 10
66 60 10
67 60 10
68 60 10
69 60 10
70 60 10
71 60 10
72 60 10
73 60 10
76 60 10
77 60 10
78 60 10
79 60 10
81 60 10
44 61 10
45 61 10
46 61 10
47 61 10
48 61 10
50 61 10
51 61 10
52 61 10
53 61 10
54 61 10
55 61 10
56 61 10
57 61 10
58 61 10
59 61 10
60 61 10
61 61 10
62 61 10
63 61 10
64 61 10
65 61 10
66 61 10
67 61 10
68 61 10
69 61 10
70 61 10
71 61 10
72 61 10
74 61 10
75 61 10
76 61 10
77 61 10
78 61 10
79 61 10
80 61 10
18 62 10
19 62 10
43 62 10
44 62 10
46 62 10
47 62 10
48 62 10
49 62 10
50 62 10
51 62 10
52 62 10
53 62 10
54 62 10
55 62 10
56 62 10
57 62 10
58 62 10
59 62 10
60 62 10
61 62 10
63 62 10
64 62 10
65 62 10
66 62 10
67 62 10
68 62 10
69 62 10
70 62 10
71 62 10
72 62 10
73 62 10
74 62 10
75 62 10
76 62 10
77 62 10
78 62 10
79 62 10
17 63 10
18 63 10
19 63 10
39 63 10
40 63 10
41 63 10
45 63 10
46 63 10
48 63 10
49 63 10
50 63 10
51 63 10
52 63 10
53 63 10
54 63 10
56 63 10
57 63 10
58 63 10
59 63 10
60 63 10
61 63 10
62 63 10
63 63 10
64 63 10
65 63 10
66 63 10
67 63 10
69 63 10
70 63 10
72 63 10
73 63 10
74 63 10
75 63 10
76 63 10
77 63 10
78 63 10
90 63 10
91 63 10
18 64 10
33 64 10
38 64 10
39 64 10
40 64 10
44 64 10
45 64 10
46 64 10
47 64 10
48 64 10
49 64 10
50 64 10
51 64 10
52 64 10
53 64 10
54 64 10
55 64 10
56 64 10
57 64 10
58 64 10
59 64 10
60 64 10
61 64 10
62 64 10
63 64 10
64 64 10
65 64 10
66 64 10
67 64 10
68 64 10
69 64 10
70 64 10
72 64 10
73 64 10
74 64 10
75 64 10
76 64 10
77 64 10
89 64 10
90 64 10
91 64 10
33 65 10
37 65 10
38 65 10
39 65 10
40 65 10
45 65 10
46 65 10
47 65 10
48 65 10
49 65 10
50 65 10
51 65 10
52 65 10
53 65 10
54 65 10
55 65 10
56 65 10
57 65 10
58 65 10
59 65 10
60 65 10
61 65 10
62 65 10
63 65 10
64 65 10
65 65 10
66 65 10
67 65 10
68 65 10
69 65 10
70 65 10
71 65 10
73 65 10
74 65 10
76 65 10
77 65 10
78 65 10
79 65 10
85 65 10
86 65 10
88 65 10
89 65 10
95 65 10
96 65 10
97 65 10
98 65 10
34 66 10
35 66 10
37 66 10
38 66 10
39 66 10
40 66 10
45 66 10
47 66 10
49 66 10
50 66 10
51 66 10
52 66 10
53 66 10
54 66 10
55 66 10
56 66 10
57 66 10
58 66 10
59 66 10
60 66 10
61 66 10
62 66 10
63 66 10
64 66 10
65 66 10
66 66 10
67 66 10
68 66 10
69 66 10
70 66 10
71 66 10
72 66 10
73 66 10
74 66 10
75 66 10
86 66 10
87 66 10
88 66 10
89 66 10
90 66 10
95 66 10
96 66 10
97 66 10
98 66 10
38 67 10
39 67 10
45 67 10
47 67 10
48 67 10
51 67 10
52 67 10
53 67 10
54 67 10
55 67 10
56 67 10
57 67 10
58 67 10
59 67 10
60 67 10
61 67 10
62 67 10
63 67 10
64 67 10
65 67 10
66 67 10
67 67 10
68 67 10
69 67 10
70 67 10
71 67 10
72 67 10
73 67 10
74 67 10
75 67 10
87 67 10
88 67 10
89 67 10
90 67 10
94 67 10
95 67 10
23 68 10
24 68 10
47 68 10
48 68 10
49 68 10
50 68 10
51 68 10
52 68 10
53 68 10
54 68 10
55 68 10
56 68 10
57 68 10
58 68 10
59 68 10
60 68 10
61 68 10
62 68 10
63 68 10
64 68 10
65 68 10
67 68 10
68 68 10
69 68 10
70 68 10
71 68 10
72 68 10
73 68 10
75 68 10
76 68 10
84 68 10
85 68 10
86 68 10
87 68 10
94 68 10
95 68 10
24 69 10
43 69 10
44 69 10
45 69 10
46 69 10
47 69 10
48 69 10
49 69 10
50 69 10
51 69 10
52 69 10
53 69 10
54 69 10
56 69 10
57 69 10
58 69 10
59 69 10
60 69 10
61 69 10
62 69 10
63 69 10
64 69 10
65 69 10
66 69 10
67 69 10
69 69 10
70 69 10
71 69 10
72 69 10
74 69 10
75 69 10
76 69 10
77 69 10
78 69 10
81 69 10
84 69 10
85 69 10
86 69 10
87 69 10
23 70 10
24 70 10
25 70 10
26 70 10
27 70 10
28 70 10
29 70 10
41 70 10
42 70 10
43 70 10
44 70 10
45 70 10
46 70 10
48 70 10
49 70 10
50 70 10
51 70 10
52 70 10
53 70 10
54 70 10
55 70 10
56 70 10
57 70 10
58 70 10
59 70 10
60 70 10
61 70 10
62 70 10
63 70 10
64 70 10
65 70 10
70 70 10
71 70 10
72 70 10
73 70 10
74 70 10
75 70 10
76 70 10
77 70 10
78 70 10
80 70 10
81 70 10
84 70 10
85 70 10
86 70 10
87 70 10
23 71 10
24 71 10
25 71 10
26 71 10
27 71 10
28 71 10
29 71 10
30 71 10
31 71 10
33 71 10
34 71 10
35 71 10
40 71 10
41 71 10
42 71 10
44 71 10
45 71 10
46 71 10
52 71 10
53 71 10
54 71 10
55 71 10
56 71 10
57 71 10
59 71 10
60 71 10
61 71 10
62 71 10
63 71 10
64 71 10
65 71 10
67 71 10
69 71 10
70 71 10
71 71 10
72 71 10
73 71 10
74 71 10
75 71 10
76 71 10
84 71 10
85 71 10
86 71 10
24 72 10
25 72 10
26 72 10
27 72 10
29 72 10
33 72 10
34 72 10
35 72 10
39 72 10
40 72 10
41 72 10
42 72 10
43 72 10
44 72 10
48 72 10
49 72 10
50 72 10
52 72 10
53 72 10
54 72 10
55 72 10
56 72 10
57 72 10
58 72 10
59 72 10
60 72 10
61 72 10
62 72 10
64 72 10
65 72 10
66 72 10
67 72 10
68 72 10
69 72 10
71 72 10
72 72 10
75 72 10
81 72 10
82 72 10
83 72 10
84 72 10
85 72 10
86 72 10
6 73 10
7 73 10
17 73 10
18 73 10
19 73 10
20 73 10
21 73 10
22 73 10
23 73 10
24 73 10
25 73 10
26 73 10
27 73 10
28 73 10
29 73 10
30 73 10
31 73 10
33 73 10
34 73 10
35 73 10
39 73 10
40 73 10
41 73 10
43 73 10
44 73 10
47 73 10
48 73 10
50 73 10
53 73 10
54 73 10
55 73 10
56 73 10
57 73 10
58 73 10
59 73 10
60 73 10
61 73 10
62 73 10
63 73 10
64 73 10
65 73 10
66 73 10
71 73 10
72 73 10
75 73 10
81 73 10
84 73 10
85 73 10
86 73 10
87 73 10
6 74 10
7 74 10
16 74 10
17 74 10
18 74 10
19 74 10
21 74 10
22 74 10
23 74 10
24 74 10
25 74 10
26 74 10
27 74 10
28 74 10
29 74 10
30 74 10
31 74 10
32 74 10
33 74 10
34 74 10
39 74 10
40 74 10
41 74 10
42 74 10
43 74 10
44 74 10
45 74 10
49 74 10
50 74 10
51 74 10
52 74 10
53 74 10
54 74 10
55 74 10
57 74 10
58 74 10
59 74 10
60 74 10
61 74 10
62 74 10
66 74 10
67 74 10
71 74 10
72 74 10
73 74 10
74 74 10
75 74 10
76 74 10
79 74 10
86 74 10
87 74 10
16 75 10
17 75 10
19 75 10
20 75 10
21 75 10
22 75 10
23 75 10
24 75 10
25 75 10
26 75 10
27 75 10
28 75 10
29 75 10
30 75 10
31 75 10
32 75 10
33 75 10
34 75 10
35 75 10
36 75 10
40 75 10
41 75 10
42 75 10
43 75 10
44 75 10
45 75 10
50 75 10
51 75 10
53 75 10
54 75 10
55 75 10
56 75 10
58 75 10
59 75 10
60 75 10
61 75 10
63 75 10
64 75 10
68 75 10
69 75 10
70 75 10
71 75 10
72 75 10
73 75 10
74 75 10
75 75 10
77 75 10
92 75 10
93 75 10
7 76 10
18 76 10
19 76 10
21 76 10
22 76 10
23 76 10
24 76 10
27 76 10
28 76 10
29 76 10
30 76 10
31 76 10
32 76 10
33 76 10
34 76 10
35 76 10
36 76 10
39 76 10
40 76 10
41 76 10
43 76 10
44 76 10
45 76 10
46 76 10
47 76 10
51 76 10
52 76 10
53 76 10
54 76 10
55 76 10
56 76 10
57 76 10
59 76 10
60 76 10
62 76 10
66 76 10
67 76 10
68 76 10
69 76 10
70 76 10
71 76 10
72 76 10
76 76 10
77 76 10
85 76 10
86 76 10
93 76 10
6 77 10
7 77 10
8 77 10
19 77 10
20 77 10
21 77 10
22 77 10
23 77 10
24 77 10
26 77 10
27 77 10
28 77 10
29 77 10
30 77 10
31 77 10
32 77 10
33 77 10
34 77 10
35 77 10
36 77 10
39 77 10
40 77 10
45 77 10
46 77 10
47 77 10
52 77 10
56 77 10
57 77 10
58 77 10
59 77 10
60 77 10
66 77 10
67 77 10
68 77 10
69 77 10
70 77 10
71 77 10
72 77 10
73 77 10
74 77 10
75 77 10
76 77 10
77 77 10
85 77 10
86 77 10
87 77 10
5 78 10
6 78 10
7 78 10
21 78 10
23 78 10
24 78 10
25 78 10
26 78 10
27 78 10
28 78 10
29 78 10
30 78 10
31 78 10
32 78 10
33 78 10
39 78 10
40 78 10
45 78 10
46 78 10
47 78 10
52 78 10
53 78 10
56 78 10
58 78 10
59 78 10
60 78 10
65 78 10
66 78 10
67 78 10
68 78 10
69 78 10
70 78 10
71 78 10
72 78 10
73 78 10
74 78 10
75 78 10
76 78 10
84 78 10
85 78 10
86 78 10
87 78 10
5 79 10
6 79 10
18 79 10
22 79 10
23 79 10
25 79 10
26 79 10
28 79 10
29 79 10
30 79 10
41 79 10
42 79 10
47 79 10
49 79 10
52 79 10
53 79 10
54 79 10
57 79 10
58 79 10
59 79 10
60 79 10
61 79 10
65 79 10
69 79 10
70 79 10
71 79 10
73 79 10
74 79 10
75 79 10
76 79 10
85 79 10
86 79 10
87 79 10
89 79 10
90 79 10
11 80 10
12 80 10
22 80 10
23 80 10
24 80 10
25 80 10
26 80 10
27 80 10
28 80 10
29 80 10
33 80 10
38 80 10
39 80 10
40 80 10
41 80 10
42 80 10
44 80 10
45 80 10
46 80 10
47 80 10
48 80 10
49 80 10
51 80 10
53 80 10
54 80 10
55 80 10
56 80 10
57 80 10
59 80 10
60 80 10
61 80 10
64 80 10
65 80 10
67 80 10
71 80 10
72 80 10
73 80 10
74 80 10
75 80 10
76 80 10
79 80 10
80 80 10
84 80 10
85 80 10
86 80 10
87 80 10
88 80 10
89 80 10
90 80 10
91 80 10
92 80 10
93 80 10
94 80 10
8 81 10
9 81 10
10 81 10
12 81 10
13 81 10
24 81 10
26 81 10
27 81 10
28 81 10
32 81 10
33 81 10
34 81 10
35 81 10
37 81 10
38 81 10
39 81 10
41 81 10
42 81 10
43 81 10
44 81 10
45 81 10
46 81 10
47 81 10
48 81 10
49 81 10
50 81 10
53 81 10
54 81 10
57 81 10
67 81 10
69 81 10
70 81 10
71 81 10
72 81 10
73 81 10
74 81 10
75 81 10
76 81 10
79 81 10
80 81 10
82 81 10
83 81 10
84 81 10
85 81 10
86 81 10
87 81 10
88 81 10
91 81 10
92 81 10
93 81 10
94 81 10
9 82 10
11 82 10
12 82 10
26 82 10
27 82 10
28 82 10
34 82 10
35 82 10
37 82 10
40 82 10
41 82 10
42 82 10
43 82 10
44 82 10
45 82 10
46 82 10
47 82 10
48 82 10
49 82 10
50 82 10
64 82 10
66 82 10
67 82 10
69 82 10
71 82 10
72 82 10
73 82 10
74 82 10
75 82 10
76 82 10
77 82 10
78 82 10
83 82 10
87 82 10
88 82 10
10 83 10
11 83 10
12 83 10
13 83 10
31 83 10
32 83 10
33 83 10
38 83 10
39 83 10
40 83 10
42 83 10
43 83 10
44 83 10
45 83 10
46 83 10
47 83 10
48 83 10
49 83 10
50 83 10
58 83 10
61 83 10
62 83 10
63 83 10
64 83 10
65 83 10
66 83 10
67 83 10
68 83 10
70 83 10
71 83 10
72 83 10
73 83 10
74 83 10
75 83 10
76 83 10
77 83 10
78 83 10
83 83 10
88 83 10
89 83 10
90 83 10
91 83 10
92 83 10
98 83 10
12 84 10
13 84 10
31 84 10
32 84 10
33 84 10
34 84 10
37 84 10
38 84 10
39 84 10
40 84 10
41 84 10
42 84 10
44 84 10
45 84 10
46 84 10
47 84 10
49 84 10
50 84 10
51 84 10
52 84 10
53 84 10
58 84 10
59 84 10
60 84 10
61 84 10
62 84 10
63 84 10
64 84 10
65 84 10
66 84 10
67 84 10
69 84 10
70 84 10
71 84 10
72 84 10
73 84 10
74 84 10
75 84 10
76 84 10
77 84 10
78 84 10
88 84 10
89 84 10
90 84 10
91 84 10
97 84 10
98 84 10
2 85 10
3 85 10
14 85 10
15 85 10
32 85 10
37 85 10
38 85 10
39 85 10
40 85 10
44 85 10
45 85 10
46 85 10
49 85 10
50 85 10
51 85 10
52 85 10
53 85 10
54 85 10
55 85 10
59 85 10
60 85 10
61 85 10
62 85 10
63 85 10
64 85 10
68 85 10
69 85 10
70 85 10
72 85 10
74 85 10
75 85 10
76 85 10
77 85 10
78 85 10
85 85 10
86 85 10
87 85 10
89 85 10
90 85 10
91 85 10
92 85 10
97 85 10
98 85 10
1 86 10
2 86 10
32 86 10
34 86 10
35 86 10
36 86 10
41 86 10
42 86 10
43 86 10
44 86 10
50 86 10
51 86 10
52 86 10
55 86 10
59 86 10
60 86 10
61 86 10
62 86 10
63 86 10
67 86 10
68 86 10
69 86 10
70 86 10
71 86 10
72 86 10
75 86 10
76 86 10
77 86 10
85 86 10
86 86 10
87 86 10
88 86 10
89 86 10
90 86 10
91 86 10
92 86 10
97 86 10
98 86 10
34 87 10
35 87 10
42 87 10
43 87 10
51 87 10
52 87 10
54 87 10
55 87 10
56 87 10
58 87 10
59 87 10
60 87 10
61 87 10
62 87 10
63 87 10
67 87 10
68 87 10
69 87 10
70 87 10
71 87 10
72 87 10
73 87 10
74 87 10
75 87 10
76 87 10
77 87 10
78 87 10
79 87 10
85 87 10
87 87 10
89 87 10
90 87 10
91 87 10
92 87 10
34 88 10
35 88 10
36 88 10
51 88 10
52 88 10
54 88 10
55 88 10
56 88 10
57 88 10
58 88 10
59 88 10
60 88 10
61 88 10
62 88 10
63 88 10
65 88 10
66 88 10
67 88 10
68 88 10
69 88 10
70 88 10
71 88 10
72 88 10
73 88 10
74 88 10
76 88 10
77 88 10
79 88 10
85 88 10
86 88 10
87 88 10
88 88 10
89 88 10
90 88 10
91 88 10
92 88 10
33 89 10
34 89 10
35 89 10
38 89 10
39 89 10
50 89 10
51 89 10
52 89 10
53 89 10
54 89 10
55 89 10
56 89 10
57 89 10
59 89 10
60 89 10
61 89 10
62 89 10
63 89 10
64 89 10
65 89 10
66 89 10
67 89 10
69 89 10
70 89 10
71 89 10
72 89 10
73 89 10
74 89 10
75 89 10
76 89 10
80 89 10
81 89 10
86 89 10
87 89 10
89 89 10
90 89 10
91 89 10
92 89 10
34 90 10
49 90 10
50 90 10
52 90 10
53 90 10
54 90 10
55 90 10
56 90 10
57 90 10
58 90 10
59 90 10
60 90 10
62 90 10
63 90 10
64 90 10
65 90 10
66 90 10
67 90 10
68 90 10
70 90 10
71 90 10
72 90 10
73 90 10
74 90 10
75 90 10
76 90 10
77 90 10
78 90 10
80 90 10
81 90 10
82 90 10
85 90 10
86 90 10
87 90 10
88 90 10
91 90 10
92 90 10
95 90 10
50 91 10
51 91 10
52 91 10
53 91 10
54 91 10
55 91 10
56 91 10
58 91 10
59 91 10
60 91 10
63 91 10
64 91 10
65 91 10
66 91 10
67 91 10
68 91 10
69 91 10
70 91 10
71 91 10
72 91 10
73 91 10
74 91 10
75 91 10
76 91 10
77 91 10
78 91 10
80 91 10
81 91 10
82 91 10
85 91 10
86 91 10
87 91 10
88 91 10
89 91 10
90 91 10
94 91 10
95 91 10
50 92 10
51 92 10
62 92 10
63 92 10
64 92 10
65 92 10
66 92 10
67 92 10
68 92 10
69 92 10
70 92 10
72 92 10
73 92 10
74 92 10
75 92 10
76 92 10
77 92 10
78 92 10
79 92 10
80 92 10
81 92 10
83 92 10
84 92 10
86 92 10
87 92 10
88 92 10
89 92 10
90 92 10
94 92 10
95 92 10
96 92 10
99 92 10
0 93 10
53 93 10
54 93 10
61 93 10
62 93 10
63 93 10
64 93 10
65 93 10
66 93 10
67 93 10
68 93 10
69 93 10
70 93 10
72 93 10
73 93 10
74 93 10
75 93 10
76 93 10
77 93 10
78 93 10
79 93 10
80 93 10
81 93 10
82 93 10
83 93 10
84 93 10
88 93 10
89 93 10
95 93 10
99 93 10
0 94 10
28 94 10
54 94 10
55 94 10
60 94 10
61 94 10
62 94 10
64 94 10
65 94 10
66 94 10
67 94 10
68 94 10
69 94 10
70 94 10
71 94 10
72 94 10
73 94 10
74 94 10
75 94 10
76 94 10
77 94 10
78 94 10
79 94 10
80 94 10
81 94 10
82 94 10
83 94 10
84 94 10
85 94 10
99 94 10
0 95 10
23 95 10
24 95 10
25 95 10
26 95 10
27 95 10
28 95 10
54 95 10
60 95 10
61 95 10
62 95 10
67 95 10
68 95 10
69 95 10
70 95 10
71 95 10
72 95 10
73 95 10
75 95 10
76 95 10
77 95 10
78 95 10
79 95 10
80 95 10
81 95 10
82 95 10
83 95 10
84 95 10
85 95 10
98 95 10
99 95 10
0 96 10
23 96 10
24 96 10
25 96 10
26 96 10
27 96 10
28 96 10
60 96 10
61 96 10
62 96 10
68 96 10
69 96 10
70 96 10
71 96 10
72 96 10
73 96 10
74 96 10
75 96 10
77 96 10
78 96 10
79 96 10
80 96 10
81 96 10
82 96 10
83 96 10
84 96 10
85 96 10
86 96 10
90 96 10
98 96 10
99 96 10
0 97 10
24 97 10
25 97 10
26 97 10
27 97 10
68 97 10
69 97 10
70 97 10
71 97 10
76 97 10
77 97 10
78 97 10
79 97 10
80 97 10
81 97 10
82 97 10
83 97 10
84 97 10
85 97 10
86 97 10
87 97 10
89 97 10
90 97 10
99 97 10
24 98 10
25 98 10
26 98 10
69 98 10
70 98 10
77 98 10
78 98 10
79 98 10
82 98 10
83 98 10
84 98 10
85 98 10
86 98 10
87 98 10
88 98 10
89 98 10
90 98 10
0 99 10
76 99 10
77 99 10
78 99 10
79 99 10
80 99 10
81 99 10
82 99 10
83 99 10
84 99 10
85 99 10
86 99 10
87 99 10
89 99 10
83 15 20
84 15 20
85 15 20
83 16 20
84 16 20
85 16 20
65 5 30
64 6 30
65 6 30
87 0 40
88 0 40
89 0 40
90 0 40
89 1 40
34 59 50
35 59 50
33 60 50
34 60 50
35 60 50
33 61 50
34 61 50
89 69 60
88 70 60
88 71 60
75 46 70
76 46 70
0 51 80
99 51 80
90 53 90
91 53 90
92 53 90
90 54 90
91 54 90
92 54 90
91 55 90
91 56 90
71 10 100
70 11 100
71 11 100
56 34 110
57 34 110
53 16 120
57 26 120
58 26 120
56 27 120
57 27 120
58 27 120
57 28 120
58 28 120
57 83 130
60 83 130
97 67 140
98 67 140
99 67 140
98 68 140
99 68 140
96 69 150
97 69 150
95 70 150
96 70 150
97 70 150
98 70 150
99 70 150
96 71 150
97 71 150
98 71 150
99 71 150
17 60 160
18 60 160
17 61 160
18 61 160
19 61 160
24 99 170
25 99 170
96 60 180
95 61 180
96 61 180
97 61 180
84 41 190
84 42 190
26 68 200
27 68 200
27 69 200
46 97 210
47 97 210
48 97 210
46 98 210
47 98 210
64 77 220
64 78 220
35 43 230
36 43 230
37 43 230
35 44 230
36 44 230
27 38 240
28 38 240
27 39 240
28 39 240
63 49 250
64 49 250
61 47 260
61 48 260
