#X Y Z
48 0 10
47 1 10
47 2 10
59 5 10
60 5 10
65 5 10
59 6 10
60 6 10
61 6 10
64 6 10
65 6 10
66 6 10
54 7 10
55 7 10
59 7 10
60 7 10
61 7 10
64 7 10
66 7 10
67 7 10
54 8 10
55 8 10
56 8 10
57 8 10
58 8 10
65 8 10
66 8 10
66 9 10
67 9 10
51 10 10
67 10 10
68 10 10
69 10 10
70 10 10
71 10 10
47 11 10
51 11 10
53 11 10
55 11 10
56 11 10
66 11 10
67 11 10
68 11 10
69 11 10
70 11 10
71 11 10
46 12 10
47 12 10
50 12 10
51 12 10
53 12 10
54 12 10
56 12 10
57 12 10
60 12 10
65 12 10
66 12 10
67 12 10
68 12 10
69 12 10
70 12 10
46 13 10
54 13 10
55 13 10
64 13 10
65 13 10
66 13 10
67 13 10
68 13 10
69 13 10
70 13 10
53 14 10
54 14 10
55 14 10
65 14 10
66 14 10
67 14 10
68 14 10
69 14 10
70 14 10
42 15 10
43 15 10
52 15 10
54 15 10
66 15 10
67 15 10
83 15 10
84 15 10
42 16 10
43 16 10
44 16 10
45 16 10
46 16 10
47 16 10
48 16 10
50 16 10
51 16 10
52 16 10
53 16 10
54 16 10
55 16 10
56 16 10
83 16 10
84 16 10
96 16 10
97 16 10
43 17 10
44 17 10
45 17 10
47 17 10
50 17 10
51 17 10
55 17 10
56 17 10
57 17 10
83 17 10
84 17 10
96 17 10
97 17 10
44 18 10
45 18 10
46 18 10
48 18 10
49 18 10
50 18 10
51 18 10
55 18 10
56 18 10
57 18 10
83 18 10
84 18 10
85 18 10
96 18 10
97 18 10
45 19 10
46 19 10
47 19 10
48 19 10
49 19 10
83 19 10
84 19 10
85 19 10
45 20 10
47 20 10
48 20 10
81 20 10
83 20 10
84 20 10
42 21 10
45 21 10
46 21 10
81 21 10
82 21 10
83 21 10
39 22 10
42 22 10
43 22 10
45 22 10
47 22 10
48 22 10
66 22 10
81 22 10
82 22 10
83 22 10
37 23 10
38 23 10
39 23 10
41 23 10
42 23 10
43 23 10
47 23 10
48 23 10
49 23 10
65 23 10
66 23 10
81 23 10
82 23 10
42 24 10
43 24 10
48 24 10
49 24 10
85 24 10
86 24 10
48 25 10
49 25 10
54 25 10
55 25 10
84 25 10
85 25 10
86 25 10
37 26 10
38 26 10
48 26 10
49 26 10
50 26 10
53 26 10
54 26 10
55 26 10
17 27 10
18 27 10
33 27 10
35 27 10
36 27 10
37 27 10
38 27 10
39 27 10
48 27 10
49 27 10
56 27 10
57 27 10
58 27 10
16 28 10
17 28 10
18 28 10
35 28 10
36 28 10
37 28 10
38 28 10
57 28 10
58 28 10
16 29 10
17 29 10
18 29 10
22 29 10
23 29 10
33 29 10
34 29 10
35 29 10
36 29 10
37 29 10
38 29 10
16 30 10
17 30 10
18 30 10
21 30 10
22 30 10
23 30 10
24 30 10
33 30 10
34 30 10
35 30 10
36 30 10
37 30 10
17 31 10
18 31 10
22 31 10
34 31 10
35 31 10
36 31 10
16 32 10
17 32 10
18 32 10
30 32 10
31 32 10
35 32 10
36 32 10
53 32 10
54 32 10
55 32 10
56 32 10
20 33 10
21 33 10
30 33 10
31 33 10
34 33 10
38 33 10
39 33 10
40 33 10
52 33 10
53 33 10
54 33 10
55 33 10
57 33 10
58 33 10
59 33 10
26 34 10
27 34 10
28 34 10
30 34 10
31 34 10
32 34 10
33 34 10
34 34 10
35 34 10
36 34 10
37 34 10
39 34 10
40 34 10
53 34 10
54 34 10
55 34 10
56 34 10
57 34 10
58 34 10
59 34 10
60 34 10
61 34 10
26 35 10
27 35 10
28 35 10
29 35 10
30 35 10
31 35 10
32 35 10
33 35 10
34 35 10
37 35 10
48 35 10
49 35 10
50 35 10
54 35 10
55 35 10
56 35 10
58 35 10
59 35 10
60 35 10
61 35 10
63 35 10
64 35 10
65 35 10
82 35 10
83 35 10
85 35 10
95 35 10
96 35 10
25 36 10
26 36 10
27 36 10
29 36 10
30 36 10
31 36 10
32 36 10
33 36 10
34 36 10
35 36 10
36 36 10
47 36 10
48 36 10
50 36 10
51 36 10
52 36 10
53 36 10
55 36 10
58 36 10
62 36 10
65 36 10
67 36 10
68 36 10
82 36 10
83 36 10
84 36 10
85 36 10
86 36 10
89 36 10
95 36 10
96 36 10
24 37 10
25 37 10
26 37 10
31 37 10
32 37 10
33 37 10
34 37 10
35 37 10
36 37 10
37 37 10
48 37 10
49 37 10
50 37 10
51 37 10
53 37 10
54 37 10
55 37 10
56 37 10
57 37 10
62 37 10
63 37 10
64 37 10
65 37 10
67 37 10
68 37 10
69 37 10
71 37 10
82 37 10
83 37 10
84 37 10
85 37 10
94 37 10
95 37 10
23 38 10
24 38 10
25 38 10
26 38 10
27 38 10
28 38 10
30 38 10
31 38 10
32 38 10
33 38 10
34 38 10
46 38 10
47 38 10
48 38 10
52 38 10
54 38 10
55 38 10
56 38 10
57 38 10
58 38 10
62 38 10
63 38 10
65 38 10
66 38 10
67 38 10
68 38 10
69 38 10
83 38 10
84 38 10
85 38 10
86 38 10
24 39 10
25 39 10
26 39 10
27 39 10
28 39 10
29 39 10
30 39 10
31 39 10
35 39 10
44 39 10
45 39 10
47 39 10
48 39 10
49 39 10
50 39 10
51 39 10
53 39 10
54 39 10
55 39 10
56 39 10
57 39 10
58 39 10
59 39 10
60 39 10
62 39 10
63 39 10
64 39 10
65 39 10
66 39 10
67 39 10
68 39 10
69 39 10
70 39 10
71 39 10
78 39 10
79 39 10
80 39 10
82 39 10
83 39 10
84 39 10
85 39 10
86 39 10
87 39 10
27 40 10
28 40 10
29 40 10
30 40 10
31 40 10
32 40 10
33 40 10
44 40 10
45 40 10
46 40 10
48 40 10
49 40 10
50 40 10
51 40 10
52 40 10
53 40 10
54 40 10
55 40 10
56 40 10
57 40 10
58 40 10
59 40 10
60 40 10
61 40 10
64 40 10
65 40 10
67 40 10
68 40 10
69 40 10
70 40 10
72 40 10
73 40 10
78 40 10
79 40 10
80 40 10
81 40 10
82 40 10
84 40 10
85 40 10
86 40 10
27 41 10
28 41 10
29 41 10
30 41 10
31 41 10
33 41 10
44 41 10
45 41 10
46 41 10
49 41 10
50 41 10
51 41 10
52 41 10
53 41 10
54 41 10
55 41 10
56 41 10
57 41 10
58 41 10
59 41 10
60 41 10
61 41 10
62 41 10
63 41 10
64 41 10
68 41 10
69 41 10
72 41 10
79 41 10
80 41 10
81 41 10
82 41 10
84 41 10
85 41 10
25 42 10
26 42 10
27 42 10
28 42 10
29 42 10
30 42 10
36 42 10
37 42 10
39 42 10
40 42 10
42 42 10
43 42 10
45 42 10
46 42 10
47 42 10
48 42 10
49 42 10
50 42 10
51 42 10
52 42 10
53 42 10
55 42 10
56 42 10
57 42 10
58 42 10
59 42 10
60 42 10
61 42 10
62 42 10
63 42 10
64 42 10
65 42 10
66 42 10
67 42 10
68 42 10
69 42 10
71 42 10
74 42 10
76 42 10
77 42 10
78 42 10
84 42 10
25 43 10
26 43 10
27 43 10
28 43 10
29 43 10
35 43 10
36 43 10
37 43 10
39 43 10
40 43 10
41 43 10
42 43 10
43 43 10
44 43 10
45 43 10
46 43 10
47 43 10
48 43 10
49 43 10
50 43 10
51 43 10
52 43 10
53 43 10
54 43 10
55 43 10
56 43 10
57 43 10
59 43 10
61 43 10
62 43 10
63 43 10
64 43 10
65 43 10
66 43 10
67 43 10
68 43 10
69 43 10
70 43 10
72 43 10
73 43 10
74 43 10
75 43 10
76 43 10
77 43 10
78 43 10
79 43 10
80 43 10
81 43 10
25 44 10
26 44 10
29 44 10
35 44 10
36 44 10
40 44 10
41 44 10
42 44 10
43 44 10
44 44 10
45 44 10
46 44 10
47 44 10
48 44 10
49 44 10
50 44 10
51 44 10
52 44 10
53 44 10
54 44 10
55 44 10
56 44 10
57 44 10
58 44 10
59 44 10
60 44 10
61 44 10
62 44 10
63 44 10
64 44 10
65 44 10
66 44 10
67 44 10
68 44 10
69 44 10
70 44 10
71 44 10
72 44 10
73 44 10
74 44 10
75 44 10
77 44 10
78 44 10
79 44 10
80 44 10
81 44 10
82 44 10
83 44 10
29 45 10
40 45 10
41 45 10
42 45 10
43 45 10
44 45 10
45 45 10
46 45 10
47 45 10
48 45 10
49 45 10
50 45 10
51 45 10
52 45 10
53 45 10
54 45 10
55 45 10
56 45 10
57 45 10
58 45 10
59 45 10
60 45 10
61 45 10
62 45 10
63 45 10
65 45 10
66 45 10
67 45 10
68 45 10
69 45 10
71 45 10
72 45 10
73 45 10
74 45 10
77 45 10
78 45 10
79 45 10
80 45 10
81 45 10
82 45 10
21 46 10
38 46 10
39 46 10
40 46 10
42 46 10
43 46 10
44 46 10
45 46 10
46 46 10
47 46 10
48 46 10
49 46 10
50 46 10
51 46 10
52 46 10
53 46 10
54 46 10
56 46 10
57 46 10
58 46 10
59 46 10
60 46 10
61 46 10
62 46 10
63 46 10
64 46 10
66 46 10
67 46 10
68 46 10
69 46 10
70 46 10
71 46 10
72 46 10
73 46 10
77 46 10
78 46 10
79 46 10
80 46 10
82 46 10
21 47 10
22 47 10
23 47 10
38 47 10
39 47 10
40 47 10
41 47 10
42 47 10
44 47 10
45 47 10
46 47 10
47 47 10
48 47 10
49 47 10
50 47 10
51 47 10
52 47 10
53 47 10
54 47 10
55 47 10
56 47 10
57 47 10
58 47 10
59 47 10
60 47 10
63 47 10
64 47 10
65 47 10
66 47 10
68 47 10
69 47 10
70 47 10
72 47 10
73 47 10
74 47 10
77 47 10
78 47 10
79 47 10
80 47 10
22 48 10
26 48 10
39 48 10
40 48 10
41 48 10
42 48 10
44 48 10
46 48 10
47 48 10
48 48 10
49 48 10
50 48 10
51 48 10
52 48 10
53 48 10
54 48 10
55 48 10
56 48 10
57 48 10
58 48 10
63 48 10
64 48 10
65 48 10
66 48 10
67 48 10
68 48 10
71 48 10
73 48 10
74 48 10
77 48 10
78 48 10
79 48 10
80 48 10
81 48 10
82 48 10
83 48 10
84 48 10
89 48 10
90 48 10
18 49 10
26 49 10
27 49 10
42 49 10
43 49 10
44 49 10
45 49 10
46 49 10
47 49 10
48 49 10
49 49 10
50 49 10
51 49 10
52 49 10
53 49 10
54 49 10
55 49 10
56 49 10
57 49 10
58 49 10
59 49 10
60 49 10
65 49 10
66 49 10
67 49 10
68 49 10
69 49 10
70 49 10
71 49 10
72 49 10
73 49 10
77 49 10
78 49 10
79 49 10
88 49 10
89 49 10
90 49 10
91 49 10
99 49 10
18 50 10
19 50 10
26 50 10
27 50 10
28 50 10
32 50 10
33 50 10
34 50 10
41 50 10
42 50 10
43 50 10
44 50 10
45 50 10
46 50 10
47 50 10
48 50 10
49 50 10
50 50 10
51 50 10
52 50 10
53 50 10
54 50 10
56 50 10
57 50 10
58 50 10
59 50 10
61 50 10
62 50 10
63 50 10
64 50 10
65 50 10
66 50 10
67 50 10
68 50 10
69 50 10
70 50 10
71 50 10
72 50 10
73 50 10
74 50 10
88 50 10
89 50 10
90 50 10
91 50 10
99 50 10
0 51 10
18 51 10
19 51 10
20 51 10
21 51 10
29 51 10
31 51 10
32 51 10
33 51 10
34 51 10
41 51 10
42 51 10
43 51 10
44 51 10
45 51 10
46 51 10
47 51 10
48 51 10
50 51 10
51 51 10
52 51 10
53 51 10
54 51 10
55 51 10
56 51 10
57 51 10
58 51 10
59 51 10
60 51 10
61 51 10
62 51 10
63 51 10
64 51 10
65 51 10
66 51 10
67 51 10
68 51 10
70 51 10
71 51 10
72 51 10
73 51 10
74 51 10
75 51 10
98 51 10
99 51 10
0 52 10
19 52 10
20 52 10
26 52 10
31 52 10
32 52 10
33 52 10
35 52 10
40 52 10
41 52 10
42 52 10
43 52 10
44 52 10
45 52 10
46 52 10
47 52 10
48 52 10
49 52 10
50 52 10
51 52 10
52 52 10
53 52 10
54 52 10
55 52 10
56 52 10
57 52 10
58 52 10
59 52 10
60 52 10
61 52 10
62 52 10
63 52 10
64 52 10
65 52 10
66 52 10
67 52 10
68 52 10
69 52 10
70 52 10
71 52 10
72 52 10
73 52 10
74 52 10
75 52 10
77 52 10
78 52 10
80 52 10
0 53 10
32 53 10
33 53 10
34 53 10
35 53 10
37 53 10
41 53 10
42 53 10
43 53 10
44 53 10
45 53 10
46 53 10
47 53 10
48 53 10
49 53 10
50 53 10
51 53 10
52 53 10
53 53 10
55 53 10
56 53 10
57 53 10
58 53 10
59 53 10
60 53 10
61 53 10
62 53 10
63 53 10
64 53 10
65 53 10
66 53 10
67 53 10
68 53 10
69 53 10
70 53 10
71 53 10
72 53 10
73 53 10
74 53 10
75 53 10
76 53 10
77 53 10
78 53 10
80 53 10
81 53 10
37 54 10
38 54 10
41 54 10
42 54 10
43 54 10
44 54 10
45 54 10
46 54 10
47 54 10
48 54 10
50 54 10
51 54 10
52 54 10
53 54 10
55 54 10
56 54 10
57 54 10
58 54 10
59 54 10
60 54 10
61 54 10
62 54 10
63 54 10
65 54 10
66 54 10
67 54 10
68 54 10
69 54 10
70 54 10
71 54 10
72 54 10
73 54 10
74 54 10
75 54 10
76 54 10
77 54 10
78 54 10
79 54 10
81 54 10
25 55 10
26 55 10
39 55 10
41 55 10
42 55 10
43 55 10
44 55 10
45 55 10
46 55 10
47 55 10
48 55 10
49 55 10
50 55 10
51 55 10
52 55 10
53 55 10
54 55 10
56 55 10
57 55 10
58 55 10
59 55 10
60 55 10
61 55 10
62 55 10
64 55 10
65 55 10
66 55 10
67 55 10
68 55 10
69 55 10
70 55 10
71 55 10
73 55 10
74 55 10
75 55 10
78 55 10
79 55 10
25 56 10
26 56 10
27 56 10
36 56 10
37 56 10
39 56 10
40 56 10
41 56 10
42 56 10
43 56 10
44 56 10
45 56 10
46 56 10
47 56 10
48 56 10
49 56 10
50 56 10
51 56 10
52 56 10
53 56 10
54 56 10
55 56 10
58 56 10
59 56 10
60 56 10
62 56 10
63 56 10
64 56 10
65 56 10
66 56 10
67 56 10
68 56 10
69 56 10
70 56 10
72 56 10
73 56 10
74 56 10
75 56 10
76 56 10
77 56 10
79 56 10
97 56 10
98 56 10
99 56 10
0 57 10
25 57 10
36 57 10
37 57 10
39 57 10
40 57 10
41 57 10
42 57 10
46 57 10
47 57 10
48 57 10
49 57 10
50 57 10
51 57 10
52 57 10
53 57 10
54 57 10
55 57 10
56 57 10
57 57 10
58 57 10
59 57 10
61 57 10
62 57 10
63 57 10
64 57 10
65 57 10
66 57 10
67 57 10
68 57 10
69 57 10
70 57 10
71 57 10
72 57 10
73 57 10
75 57 10
98 57 10
99 57 10
0 58 10
38 58 10
39 58 10
43 58 10
46 58 10
47 58 10
49 58 10
50 58 10
51 58 10
52 58 10
53 58 10
54 58 10
55 58 10
56 58 10
57 58 10
58 58 10
59 58 10
61 58 10
62 58 10
63 58 10
64 58 10
65 58 10
66 58 10
67 58 10
68 58 10
69 58 10
70 58 10
71 58 10
72 58 10
73 58 10
77 58 10
78 58 10
99 58 10
37 59 10
38 59 10
39 59 10
45 59 10
46 59 10
47 59 10
48 59 10
49 59 10
50 59 10
51 59 10
52 59 10
53 59 10
54 59 10
55 59 10
56 59 10
57 59 10
58 59 10
59 59 10
60 59 10
61 59 10
62 59 10
63 59 10
64 59 10
65 59 10
66 59 10
68 59 10
69 59 10
70 59 10
71 59 10
72 59 10
73 59 10
74 59 10
78 59 10
79 59 10
80 59 10
81 59 10
82 59 10
45 60 10
46 60 10
47 60 10
48 60 10
49 60 10
50 60 10
51 60 10
52 60 10
53 60 10
54 60 10
55 60 10
56 60 10
57 60 10
58 60 10
59 60 10
60 60 10
61 60 10
62 60 10
65 60 10
66 60 10
68 60 10
69 60 10
70 60 10
71 60 10
72 60 10
73 60 10
74 60 10
75 60 10
76 60 10
77 60 10
78 60 10
79 60 10
80 60 10
81 60 10
82 60 10
36 61 10
37 61 10
44 61 10
45 61 10
46 61 10
47 61 10
48 61 10
49 61 10
50 61 10
51 61 10
52 61 10
53 61 10
54 61 10
55 61 10
56 61 10
57 61 10
58 61 10
59 61 10
60 61 10
61 61 10
62 61 10
63 61 10
66 61 10
67 61 10
68 61 10
69 61 10
70 61 10
71 61 10
72 61 10
73 61 10
74 61 10
76 61 10
77 61 10
78 61 10
85 61 10
86 61 10
87 61 10
17 62 10
18 62 10
19 62 10
43 62 10
44 62 10
45 62 10
46 62 10
47 62 10
48 62 10
49 62 10
50 62 10
51 62 10
52 62 10
53 62 10
54 62 10
55 62 10
56 62 10
57 62 10
58 62 10
59 62 10
60 62 10
61 62 10
62 62 10
66 62 10
67 62 10
68 62 10
69 62 10
70 62 10
71 62 10
72 62 10
73 62 10
74 62 10
75 62 10
76 62 10
77 62 10
78 62 10
79 62 10
84 62 10
85 62 10
86 62 10
87 62 10
90 62 10
91 62 10
16 63 10
17 63 10
18 63 10
19 63 10
44 63 10
45 63 10
46 63 10
47 63 10
48 63 10
49 63 10
50 63 10
51 63 10
52 63 10
54 63 10
55 63 10
56 63 10
57 63 10
58 63 10
59 63 10
60 63 10
61 63 10
62 63 10
64 63 10
65 63 10
66 63 10
67 63 10
68 63 10
69 63 10
70 63 10
71 63 10
72 63 10
73 63 10
74 63 10
75 63 10
76 63 10
77 63 10
78 63 10
79 63 10
80 63 10
81 63 10
84 63 10
85 63 10
86 63 10
87 63 10
89 63 10
90 63 10
91 63 10
92 63 10
96 63 10
97 63 10
15 64 10
16 64 10
17 64 10
18 64 10
33 64 10
45 64 10
46 64 10
47 64 10
48 64 10
50 64 10
51 64 10
52 64 10
53 64 10
54 64 10
56 64 10
57 64 10
58 64 10
59 64 10
60 64 10
61 64 10
62 64 10
63 64 10
64 64 10
65 64 10
66 64 10
67 64 10
68 64 10
69 64 10
70 64 10
71 64 10
72 64 10
73 64 10
74 64 10
75 64 10
76 64 10
77 64 10
78 64 10
79 64 10
80 64 10
81 64 10
86 64 10
87 64 10
88 64 10
89 64 10
90 64 10
91 64 10
92 64 10
96 64 10
97 64 10
15 65 10
16 65 10
33 65 10
45 65 10
46 65 10
47 65 10
48 65 10
49 65 10
50 65 10
51 65 10
52 65 10
53 65 10
54 65 10
55 65 10
56 65 10
57 65 10
58 65 10
59 65 10
60 65 10
61 65 10
62 65 10
63 65 10
64 65 10
65 65 10
66 65 10
67 65 10
68 65 10
69 65 10
70 65 10
71 65 10
72 65 10
73 65 10
74 65 10
75 65 10
76 65 10
77 65 10
78 65 10
79 65 10
80 65 10
85 65 10
86 65 10
88 65 10
89 65 10
90 65 10
91 65 10
96 65 10
97 65 10
15 66 10
34 66 10
35 66 10
38 66 10
39 66 10
45 66 10
46 66 10
47 66 10
48 66 10
49 66 10
50 66 10
51 66 10
52 66 10
53 66 10
54 66 10
55 66 10
56 66 10
57 66 10
58 66 10
59 66 10
60 66 10
61 66 10
62 66 10
64 66 10
65 66 10
66 66 10
67 66 10
68 66 10
69 66 10
70 66 10
71 66 10
72 66 10
73 66 10
74 66 10
75 66 10
76 66 10
86 66 10
87 66 10
88 66 10
89 66 10
96 66 10
97 66 10
98 66 10
26 67 10
27 67 10
38 67 10
44 67 10
45 67 10
46 67 10
47 67 10
48 67 10
49 67 10
50 67 10
51 67 10
52 67 10
53 67 10
54 67 10
55 67 10
56 67 10
57 67 10
58 67 10
59 67 10
60 67 10
61 67 10
62 67 10
63 67 10
66 67 10
67 67 10
68 67 10
69 67 10
70 67 10
71 67 10
72 67 10
73 67 10
74 67 10
75 67 10
80 67 10
87 67 10
88 67 10
89 67 10
95 67 10
97 67 10
98 67 10
99 67 10
26 68 10
27 68 10
45 68 10
49 68 10
50 68 10
51 68 10
52 68 10
53 68 10
54 68 10
55 68 10
56 68 10
57 68 10
58 68 10
59 68 10
60 68 10
62 68 10
63 68 10
64 68 10
65 68 10
66 68 10
67 68 10
70 68 10
71 68 10
72 68 10
73 68 10
75 68 10
76 68 10
79 68 10
80 68 10
83 68 10
86 68 10
87 68 10
88 68 10
94 68 10
95 68 10
98 68 10
99 68 10
26 69 10
27 69 10
42 69 10
43 69 10
45 69 10
49 69 10
50 69 10
51 69 10
52 69 10
53 69 10
54 69 10
55 69 10
56 69 10
57 69 10
58 69 10
59 69 10
60 69 10
62 69 10
63 69 10
64 69 10
65 69 10
66 69 10
67 69 10
69 69 10
70 69 10
71 69 10
72 69 10
73 69 10
75 69 10
76 69 10
77 69 10
78 69 10
79 69 10
80 69 10
81 69 10
82 69 10
83 69 10
85 69 10
86 69 10
34 70 10
41 70 10
42 70 10
43 70 10
45 70 10
46 70 10
48 70 10
49 70 10
50 70 10
51 70 10
52 70 10
53 70 10
54 70 10
55 70 10
56 70 10
57 70 10
58 70 10
59 70 10
61 70 10
62 70 10
64 70 10
65 70 10
66 70 10
67 70 10
71 70 10
72 70 10
73 70 10
74 70 10
75 70 10
76 70 10
77 70 10
78 70 10
79 70 10
80 70 10
81 70 10
83 70 10
85 70 10
86 70 10
34 71 10
35 71 10
39 71 10
41 71 10
42 71 10
43 71 10
44 71 10
46 71 10
48 71 10
49 71 10
50 71 10
51 71 10
52 71 10
53 71 10
54 71 10
55 71 10
56 71 10
57 71 10
58 71 10
59 71 10
60 71 10
64 71 10
65 71 10
66 71 10
67 71 10
72 71 10
73 71 10
74 71 10
75 71 10
76 71 10
77 71 10
80 71 10
85 71 10
20 72 10
21 72 10
24 72 10
27 72 10
29 72 10
30 72 10
31 72 10
33 72 10
34 72 10
35 72 10
39 72 10
40 72 10
41 72 10
42 72 10
43 72 10
45 72 10
46 72 10
47 72 10
49 72 10
50 72 10
51 72 10
52 72 10
53 72 10
54 72 10
55 72 10
56 72 10
57 72 10
58 72 10
59 72 10
60 72 10
61 72 10
62 72 10
64 72 10
65 72 10
66 72 10
71 72 10
72 72 10
75 72 10
77 72 10
78 72 10
79 72 10
80 72 10
84 72 10
85 72 10
86 72 10
6 73 10
21 73 10
22 73 10
24 73 10
25 73 10
26 73 10
27 73 10
28 73 10
29 73 10
30 73 10
31 73 10
33 73 10
34 73 10
35 73 10
39 73 10
41 73 10
45 73 10
46 73 10
51 73 10
52 73 10
54 73 10
55 73 10
56 73 10
57 73 10
58 73 10
59 73 10
60 73 10
61 73 10
62 73 10
63 73 10
64 73 10
65 73 10
66 73 10
70 73 10
71 73 10
72 73 10
77 73 10
78 73 10
79 73 10
84 73 10
85 73 10
90 73 10
93 73 10
6 74 10
7 74 10
21 74 10
22 74 10
24 74 10
25 74 10
26 74 10
27 74 10
28 74 10
29 74 10
30 74 10
31 74 10
39 74 10
40 74 10
41 74 10
42 74 10
43 74 10
45 74 10
47 74 10
51 74 10
52 74 10
53 74 10
55 74 10
56 74 10
57 74 10
58 74 10
59 74 10
60 74 10
61 74 10
62 74 10
66 74 10
67 74 10
68 74 10
70 74 10
71 74 10
72 74 10
73 74 10
77 74 10
78 74 10
79 74 10
89 74 10
90 74 10
91 74 10
92 74 10
93 74 10
20 75 10
21 75 10
22 75 10
23 75 10
24 75 10
25 75 10
26 75 10
27 75 10
28 75 10
29 75 10
30 75 10
31 75 10
33 75 10
34 75 10
40 75 10
41 75 10
42 75 10
43 75 10
44 75 10
45 75 10
47 75 10
48 75 10
51 75 10
52 75 10
53 75 10
56 75 10
57 75 10
58 75 10
59 75 10
60 75 10
61 75 10
66 75 10
67 75 10
68 75 10
69 75 10
70 75 10
71 75 10
73 75 10
74 75 10
76 75 10
77 75 10
78 75 10
79 75 10
85 75 10
86 75 10
90 75 10
92 75 10
93 75 10
20 76 10
21 76 10
22 76 10
23 76 10
24 76 10
25 76 10
26 76 10
27 76 10
28 76 10
30 76 10
40 76 10
41 76 10
44 76 10
46 76 10
48 76 10
49 76 10
51 76 10
52 76 10
54 76 10
55 76 10
56 76 10
57 76 10
59 76 10
60 76 10
61 76 10
62 76 10
65 76 10
66 76 10
67 76 10
68 76 10
69 76 10
70 76 10
71 76 10
72 76 10
75 76 10
76 76 10
77 76 10
78 76 10
79 76 10
84 76 10
85 76 10
86 76 10
87 76 10
88 76 10
13 77 10
14 77 10
19 77 10
20 77 10
21 77 10
22 77 10
23 77 10
24 77 10
25 77 10
26 77 10
27 77 10
29 77 10
30 77 10
31 77 10
42 77 10
43 77 10
44 77 10
46 77 10
47 77 10
48 77 10
49 77 10
53 77 10
54 77 10
56 77 10
66 77 10
67 77 10
68 77 10
69 77 10
70 77 10
71 77 10
72 77 10
73 77 10
74 77 10
75 77 10
76 77 10
77 77 10
78 77 10
84 77 10
85 77 10
86 77 10
87 77 10
88 77 10
9 78 10
13 78 10
14 78 10
15 78 10
18 78 10
19 78 10
20 78 10
21 78 10
22 78 10
23 78 10
24 78 10
25 78 10
26 78 10
27 78 10
29 78 10
30 78 10
31 78 10
42 78 10
44 78 10
45 78 10
46 78 10
47 78 10
49 78 10
52 78 10
54 78 10
56 78 10
61 78 10
66 78 10
67 78 10
69 78 10
70 78 10
71 78 10
72 78 10
73 78 10
75 78 10
76 78 10
77 78 10
78 78 10
84 78 10
85 78 10
86 78 10
87 78 10
8 79 10
9 79 10
10 79 10
16 79 10
17 79 10
18 79 10
19 79 10
20 79 10
21 79 10
22 79 10
23 79 10
24 79 10
25 79 10
26 79 10
29 79 10
30 79 10
31 79 10
32 79 10
33 79 10
41 79 10
42 79 10
43 79 10
44 79 10
45 79 10
46 79 10
49 79 10
52 79 10
53 79 10
54 79 10
55 79 10
60 79 10
61 79 10
66 79 10
67 79 10
69 79 10
71 79 10
72 79 10
73 79 10
74 79 10
75 79 10
76 79 10
77 79 10
78 79 10
79 79 10
85 79 10
86 79 10
10 80 10
11 80 10
12 80 10
13 80 10
14 80 10
15 80 10
16 80 10
17 80 10
19 80 10
20 80 10
22 80 10
23 80 10
24 80 10
25 80 10
26 80 10
30 80 10
31 80 10
32 80 10
33 80 10
34 80 10
41 80 10
42 80 10
43 80 10
44 80 10
46 80 10
49 80 10
51 80 10
53 80 10
54 80 10
55 80 10
66 80 10
67 80 10
68 80 10
71 80 10
72 80 10
73 80 10
74 80 10
75 80 10
76 80 10
77 80 10
78 80 10
79 80 10
80 80 10
84 80 10
85 80 10
8 81 10
9 81 10
10 81 10
11 81 10
12 81 10
13 81 10
14 81 10
15 81 10
18 81 10
19 81 10
30 81 10
31 81 10
32 81 10
33 81 10
34 81 10
35 81 10
42 81 10
43 81 10
44 81 10
45 81 10
46 81 10
47 81 10
53 81 10
54 81 10
55 81 10
67 81 10
69 81 10
71 81 10
72 81 10
73 81 10
74 81 10
75 81 10
76 81 10
77 81 10
78 81 10
79 81 10
80 81 10
84 81 10
85 81 10
88 81 10
9 82 10
11 82 10
12 82 10
13 82 10
15 82 10
16 82 10
17 82 10
18 82 10
19 82 10
33 82 10
34 82 10
35 82 10
42 82 10
43 82 10
44 82 10
66 82 10
67 82 10
69 82 10
72 82 10
73 82 10
74 82 10
75 82 10
76 82 10
77 82 10
78 82 10
87 82 10
88 82 10
89 82 10
90 82 10
10 83 10
11 83 10
12 83 10
13 83 10
16 83 10
18 83 10
19 83 10
20 83 10
25 83 10
31 83 10
32 83 10
33 83 10
34 83 10
41 83 10
42 83 10
43 83 10
58 83 10
64 83 10
65 83 10
66 83 10
67 83 10
68 83 10
72 83 10
73 83 10
74 83 10
75 83 10
76 83 10
77 83 10
78 83 10
85 83 10
86 83 10
87 83 10
88 83 10
0 84 10
10 84 10
12 84 10
13 84 10
14 84 10
19 84 10
20 84 10
21 84 10
24 84 10
31 84 10
32 84 10
33 84 10
34 84 10
41 84 10
42 84 10
43 84 10
51 84 10
52 84 10
53 84 10
54 84 10
58 84 10
59 84 10
64 84 10
65 84 10
66 84 10
67 84 10
68 84 10
69 84 10
70 84 10
72 84 10
73 84 10
74 84 10
83 84 10
84 84 10
85 84 10
86 84 10
87 84 10
88 84 10
0 85 10
2 85 10
10 85 10
11 85 10
12 85 10
15 85 10
16 85 10
17 85 10
50 85 10
52 85 10
53 85 10
54 85 10
57 85 10
58 85 10
59 85 10
60 85 10
61 85 10
62 85 10
63 85 10
64 85 10
69 85 10
70 85 10
71 85 10
72 85 10
73 85 10
76 85 10
83 85 10
84 85 10
86 85 10
87 85 10
88 85 10
89 85 10
90 85 10
0 86 10
2 86 10
11 86 10
12 86 10
13 86 10
35 86 10
36 86 10
42 86 10
43 86 10
44 86 10
50 86 10
52 86 10
53 86 10
54 86 10
57 86 10
58 86 10
59 86 10
60 86 10
61 86 10
62 86 10
63 86 10
70 86 10
71 86 10
72 86 10
74 86 10
76 86 10
85 86 10
87 86 10
88 86 10
89 86 10
90 86 10
0 87 10
12 87 10
30 87 10
31 87 10
34 87 10
35 87 10
36 87 10
37 87 10
39 87 10
43 87 10
51 87 10
52 87 10
53 87 10
54 87 10
56 87 10
57 87 10
58 87 10
59 87 10
60 87 10
61 87 10
62 87 10
69 87 10
71 87 10
73 87 10
74 87 10
75 87 10
76 87 10
77 87 10
87 87 10
88 87 10
89 87 10
90 87 10
29 88 10
30 88 10
31 88 10
33 88 10
34 88 10
35 88 10
51 88 10
52 88 10
53 88 10
54 88 10
55 88 10
56 88 10
57 88 10
58 88 10
59 88 10
60 88 10
61 88 10
62 88 10
64 88 10
65 88 10
66 88 10
67 88 10
68 88 10
69 88 10
70 88 10
73 88 10
74 88 10
76 88 10
77 88 10
85 88 10
86 88 10
89 88 10
30 89 10
31 89 10
32 89 10
33 89 10
34 89 10
35 89 10
51 89 10
52 89 10
54 89 10
55 89 10
56 89 10
57 89 10
58 89 10
59 89 10
61 89 10
62 89 10
63 89 10
64 89 10
65 89 10
66 89 10
68 89 10
69 89 10
70 89 10
71 89 10
72 89 10
73 89 10
74 89 10
75 89 10
76 89 10
78 89 10
89 89 10
30 90 10
34 90 10
54 90 10
55 90 10
56 90 10
57 90 10
58 90 10
59 90 10
60 90 10
61 90 10
62 90 10
63 90 10
64 90 10
65 90 10
66 90 10
67 90 10
68 90 10
69 90 10
70 90 10
71 90 10
72 90 10
73 90 10
74 90 10
75 90 10
76 90 10
77 90 10
78 90 10
79 90 10
95 90 10
50 91 10
51 91 10
52 91 10
54 91 10
55 91 10
56 91 10
57 91 10
58 91 10
59 91 10
60 91 10
61 91 10
63 91 10
64 91 10
65 91 10
66 91 10
68 91 10
69 91 10
70 91 10
71 91 10
72 91 10
73 91 10
74 91 10
75 91 10
76 91 10
77 91 10
78 91 10
79 91 10
87 91 10
88 91 10
94 91 10
95 91 10
50 92 10
51 92 10
55 92 10
56 92 10
57 92 10
58 92 10
59 92 10
60 92 10
61 92 10
62 92 10
63 92 10
64 92 10
65 92 10
66 92 10
67 92 10
68 92 10
69 92 10
70 92 10
71 92 10
72 92 10
73 92 10
74 92 10
75 92 10
76 92 10
78 92 10
79 92 10
86 92 10
87 92 10
88 92 10
89 92 10
94 92 10
95 92 10
62 93 10
63 93 10
64 93 10
65 93 10
66 93 10
67 93 10
68 93 10
69 93 10
70 93 10
71 93 10
72 93 10
73 93 10
74 93 10
75 93 10
77 93 10
78 93 10
79 93 10
88 93 10
89 93 10
95 93 10
65 94 10
66 94 10
67 94 10
68 94 10
69 94 10
71 94 10
72 94 10
73 94 10
74 94 10
75 94 10
76 94 10
77 94 10
78 94 10
81 94 10
82 94 10
83 94 10
84 94 10
85 94 10
93 94 10
68 95 10
69 95 10
70 95 10
72 95 10
73 95 10
74 95 10
77 95 10
81 95 10
82 95 10
83 95 10
84 95 10
85 95 10
92 95 10
93 95 10
94 95 10
68 96 10
69 96 10
70 96 10
71 96 10
72 96 10
73 96 10
74 96 10
75 96 10
77 96 10
78 96 10
81 96 10
82 96 10
83 96 10
84 96 10
85 96 10
58 97 10
59 97 10
60 97 10
68 97 10
69 97 10
70 97 10
71 97 10
72 97 10
73 97 10
74 97 10
75 97 10
76 97 10
77 97 10
78 97 10
79 97 10
81 97 10
82 97 10
83 97 10
84 97 10
85 97 10
86 97 10
87 97 10
58 98 10
59 98 10
60 98 10
61 98 10
69 98 10
70 98 10
71 98 10
73 98 10
74 98 10
75 98 10
78 98 10
80 98 10
82 98 10
83 98 10
84 98 10
85 98 10
86 98 10
87 98 10
20 99 10
58 99 10
59 99 10
60 99 10
61 99 10
72 99 10
73 99 10
74 99 10
75 99 10
80 99 10
81 99 10
82 99 10
83 99 10
84 99 10
85 99 10
86 99 10
87 99 10
99 63 20
0 64 20
99 64 20
0 65 20
99 65 20
74 19 30
73 20 30
74 20 30
72 21 30
73 21 30
74 21 30
72 22 30
73 22 30
74 22 30
72 23 30
73 23 30
74 23 30
1 64 40
1 65 40
1 66 40
1 67 40
90 46 50
93 46 50
92 48 50
35 58 60
34 59 60
35 59 60
33 60 60
34 60 60
33 61 60
81 14 70
81 15 70
82 15 70
81 16 70
82 16 70
40 96 80
41 96 80
42 96 80
40 97 80
41 97 80
42 97 80
42 98 80
42 99 80
13 98 90
11 99 90
12 99 90
81 17 100
82 19 100
83 13 110
83 14 110
18 65 120
19 65 120
20 65 120
18 66 120
19 66 120
20 66 120
19 67 120
20 67 120
13 88 130
11 89 130
12 89 130
13 89 130
37 69 140
36 70 140
37 70 140
38 70 140
19 53 150
20 53 150
18 54 150
19 54 150
59 83 160
60 83 160
61 83 160
60 84 160
61 84 160
19 29 170
20 29 170
19 30 170
20 30 170
24 40 180
25 40 180
26 40 180
25 41 180
86 73 190
87 73 190
86 74 190
87 74 190
17 73 200
16 74 200
17 74 200
17 75 200
75 50 210
76 50 210
76 51 210
77 51 210
78 51 210
24 70 220
23 71 220
24 71 220
89 90 230
90 90 230
89 91 230
90 91 230
90 92 230
50 77 240
51 77 240
50 78 240
51 78 240
82 26 250
83 26 250
38 64 260
39 64 260
40 64 260
85 32 270
85 33 270
86 33 270
79 83 280
80 83 280
81 83 280
85 90 290
86 90 290
85 91 290
86 91 290
91 85 300
92 85 300
91 86 300
77 99 310
78 99 310
35 46 320
36 46 320
36 47 320
44 57 330
45 57 330
65 61 340
64 62 340
