#X Y Z
95 47 10
96 47 10
97 47 10
98 47 10
94 48 10
95 48 10
96 48 10
97 48 10
98 48 10
95 49 10
96 49 10
97 49 10
98 49 10
96 50 10
48 0 20
59 0 20
60 0 20
61 0 20
62 0 20
63 0 20
64 0 20
47 1 20
59 1 20
60 1 20
61 1 20
62 1 20
63 1 20
64 1 20
60 2 20
61 2 20
62 2 20
63 2 20
64 2 20
61 3 20
62 3 20
63 3 20
57 4 20
61 4 20
62 4 20
59 5 20
59 6 20
60 6 20
55 7 20
57 7 20
58 7 20
60 7 20
61 7 20
49 8 20
50 8 20
51 8 20
54 8 20
55 8 20
56 8 20
57 8 20
58 8 20
50 9 20
51 9 20
52 9 20
57 9 20
58 9 20
64 9 20
66 9 20
67 9 20
68 9 20
51 10 20
52 10 20
53 10 20
64 10 20
66 10 20
51 11 20
52 11 20
55 11 20
56 11 20
64 11 20
51 12 20
52 12 20
53 12 20
55 12 20
56 12 20
57 12 20
58 12 20
59 12 20
60 12 20
85 12 20
86 12 20
46 13 20
52 13 20
53 13 20
54 13 20
55 13 20
86 13 20
87 13 20
88 13 20
44 14 20
45 14 20
46 14 20
47 14 20
52 14 20
53 14 20
54 14 20
86 14 20
87 14 20
88 14 20
92 14 20
93 14 20
44 15 20
45 15 20
46 15 20
52 15 20
53 15 20
54 15 20
55 15 20
91 15 20
92 15 20
93 15 20
98 15 20
99 15 20
47 16 20
48 16 20
52 16 20
53 16 20
54 16 20
55 16 20
56 16 20
91 16 20
92 16 20
93 16 20
94 16 20
98 16 20
99 16 20
46 17 20
47 17 20
48 17 20
52 17 20
53 17 20
54 17 20
55 17 20
56 17 20
57 17 20
83 17 20
84 17 20
92 17 20
93 17 20
94 17 20
95 17 20
96 17 20
97 17 20
47 18 20
48 18 20
49 18 20
52 18 20
53 18 20
55 18 20
56 18 20
57 18 20
83 18 20
84 18 20
85 18 20
86 18 20
94 18 20
97 18 20
46 19 20
47 19 20
48 19 20
49 19 20
50 19 20
51 19 20
52 19 20
53 19 20
84 19 20
85 19 20
86 19 20
87 19 20
34 20 20
35 20 20
46 20 20
47 20 20
48 20 20
49 20 20
51 20 20
52 20 20
84 20 20
86 20 20
87 20 20
33 21 20
34 21 20
35 21 20
36 21 20
45 21 20
46 21 20
48 21 20
49 21 20
51 21 20
52 21 20
64 21 20
65 21 20
66 21 20
67 21 20
82 21 20
83 21 20
84 21 20
34 22 20
35 22 20
36 22 20
37 22 20
38 22 20
39 22 20
45 22 20
47 22 20
48 22 20
65 22 20
66 22 20
67 22 20
82 22 20
84 22 20
85 22 20
34 23 20
35 23 20
36 23 20
37 23 20
38 23 20
39 23 20
47 23 20
48 23 20
66 23 20
82 23 20
35 24 20
36 24 20
31 25 20
54 25 20
55 25 20
30 26 20
31 26 20
32 26 20
37 26 20
38 26 20
53 26 20
54 26 20
55 26 20
82 26 20
83 26 20
16 27 20
31 27 20
35 27 20
36 27 20
37 27 20
38 27 20
39 27 20
83 27 20
35 28 20
36 28 20
37 28 20
38 28 20
81 28 20
82 28 20
83 28 20
19 29 20
20 29 20
21 29 20
33 29 20
34 29 20
35 29 20
36 29 20
37 29 20
38 29 20
81 29 20
82 29 20
83 29 20
84 29 20
14 30 20
15 30 20
16 30 20
17 30 20
18 30 20
19 30 20
20 30 20
21 30 20
22 30 20
23 30 20
34 30 20
35 30 20
36 30 20
37 30 20
81 30 20
82 30 20
83 30 20
84 30 20
15 31 20
16 31 20
17 31 20
18 31 20
19 31 20
21 31 20
22 31 20
30 31 20
35 31 20
36 31 20
16 32 20
17 32 20
18 32 20
20 32 20
21 32 20
26 32 20
30 32 20
31 32 20
33 32 20
34 32 20
35 32 20
36 32 20
20 33 20
21 33 20
25 33 20
26 33 20
30 33 20
31 33 20
32 33 20
33 33 20
34 33 20
35 33 20
36 33 20
37 33 20
13 34 20
14 34 20
20 34 20
21 34 20
26 34 20
27 34 20
28 34 20
29 34 20
31 34 20
32 34 20
33 34 20
34 34 20
35 34 20
36 34 20
37 34 20
13 35 20
26 35 20
27 35 20
28 35 20
29 35 20
32 35 20
37 35 20
47 35 20
48 35 20
49 35 20
50 35 20
54 35 20
55 35 20
56 35 20
58 35 20
59 35 20
65 35 20
88 35 20
25 36 20
26 36 20
27 36 20
28 36 20
29 36 20
31 36 20
33 36 20
35 36 20
36 36 20
47 36 20
48 36 20
50 36 20
55 36 20
56 36 20
58 36 20
61 36 20
62 36 20
63 36 20
64 36 20
65 36 20
71 36 20
74 36 20
75 36 20
76 36 20
85 36 20
86 36 20
25 37 20
26 37 20
27 37 20
28 37 20
29 37 20
30 37 20
31 37 20
32 37 20
33 37 20
34 37 20
35 37 20
36 37 20
48 37 20
49 37 20
50 37 20
51 37 20
54 37 20
55 37 20
56 37 20
57 37 20
59 37 20
60 37 20
61 37 20
62 37 20
63 37 20
64 37 20
65 37 20
69 37 20
71 37 20
72 37 20
74 37 20
75 37 20
76 37 20
23 38 20
24 38 20
25 38 20
26 38 20
30 38 20
31 38 20
32 38 20
33 38 20
34 38 20
46 38 20
47 38 20
48 38 20
50 38 20
51 38 20
52 38 20
53 38 20
54 38 20
55 38 20
56 38 20
57 38 20
58 38 20
61 38 20
62 38 20
63 38 20
64 38 20
65 38 20
66 38 20
67 38 20
68 38 20
69 38 20
71 38 20
72 38 20
74 38 20
75 38 20
76 38 20
82 38 20
26 39 20
29 39 20
31 39 20
32 39 20
44 39 20
45 39 20
48 39 20
49 39 20
51 39 20
52 39 20
53 39 20
54 39 20
55 39 20
56 39 20
57 39 20
58 39 20
59 39 20
60 39 20
61 39 20
62 39 20
63 39 20
64 39 20
65 39 20
66 39 20
67 39 20
68 39 20
69 39 20
70 39 20
71 39 20
72 39 20
74 39 20
75 39 20
81 39 20
82 39 20
83 39 20
30 40 20
31 40 20
32 40 20
33 40 20
38 40 20
44 40 20
45 40 20
46 40 20
47 40 20
48 40 20
49 40 20
51 40 20
52 40 20
53 40 20
54 40 20
55 40 20
56 40 20
57 40 20
58 40 20
59 40 20
60 40 20
62 40 20
63 40 20
64 40 20
65 40 20
67 40 20
68 40 20
69 40 20
70 40 20
71 40 20
74 40 20
81 40 20
82 40 20
83 40 20
28 41 20
29 41 20
31 41 20
33 41 20
44 41 20
45 41 20
46 41 20
47 41 20
48 41 20
49 41 20
50 41 20
51 41 20
52 41 20
53 41 20
54 41 20
55 41 20
56 41 20
57 41 20
58 41 20
59 41 20
60 41 20
61 41 20
62 41 20
63 41 20
64 41 20
65 41 20
66 41 20
68 41 20
69 41 20
70 41 20
71 41 20
72 41 20
73 41 20
81 41 20
82 41 20
83 41 20
19 42 20
26 42 20
27 42 20
28 42 20
29 42 20
38 42 20
39 42 20
40 42 20
44 42 20
45 42 20
46 42 20
47 42 20
48 42 20
49 42 20
50 42 20
51 42 20
52 42 20
53 42 20
54 42 20
55 42 20
56 42 20
57 42 20
58 42 20
59 42 20
60 42 20
61 42 20
62 42 20
63 42 20
64 42 20
65 42 20
66 42 20
67 42 20
68 42 20
69 42 20
70 42 20
71 42 20
72 42 20
76 42 20
77 42 20
78 42 20
80 42 20
81 42 20
82 42 20
83 42 20
19 43 20
20 43 20
25 43 20
26 43 20
27 43 20
28 43 20
29 43 20
35 43 20
36 43 20
37 43 20
39 43 20
40 43 20
41 43 20
42 43 20
43 43 20
44 43 20
45 43 20
46 43 20
47 43 20
48 43 20
49 43 20
50 43 20
51 43 20
52 43 20
53 43 20
54 43 20
55 43 20
56 43 20
57 43 20
58 43 20
59 43 20
60 43 20
61 43 20
62 43 20
63 43 20
64 43 20
65 43 20
66 43 20
67 43 20
68 43 20
69 43 20
70 43 20
76 43 20
77 43 20
78 43 20
79 43 20
80 43 20
81 43 20
82 43 20
83 43 20
84 43 20
20 44 20
21 44 20
35 44 20
36 44 20
40 44 20
41 44 20
42 44 20
43 44 20
44 44 20
45 44 20
46 44 20
48 44 20
49 44 20
50 44 20
51 44 20
52 44 20
53 44 20
54 44 20
55 44 20
56 44 20
57 44 20
58 44 20
59 44 20
60 44 20
61 44 20
62 44 20
63 44 20
64 44 20
65 44 20
67 44 20
68 44 20
69 44 20
70 44 20
71 44 20
72 44 20
76 44 20
77 44 20
79 44 20
80 44 20
81 44 20
82 44 20
83 44 20
20 45 20
21 45 20
29 45 20
40 45 20
41 45 20
42 45 20
43 45 20
44 45 20
45 45 20
46 45 20
47 45 20
48 45 20
49 45 20
50 45 20
51 45 20
52 45 20
53 45 20
54 45 20
55 45 20
56 45 20
57 45 20
58 45 20
59 45 20
60 45 20
61 45 20
62 45 20
63 45 20
64 45 20
65 45 20
66 45 20
67 45 20
68 45 20
69 45 20
70 45 20
72 45 20
80 45 20
81 45 20
82 45 20
38 46 20
39 46 20
40 46 20
42 46 20
43 46 20
44 46 20
45 46 20
46 46 20
47 46 20
48 46 20
49 46 20
50 46 20
51 46 20
52 46 20
53 46 20
54 46 20
55 46 20
56 46 20
57 46 20
58 46 20
59 46 20
60 46 20
61 46 20
62 46 20
63 46 20
64 46 20
65 46 20
66 46 20
67 46 20
68 46 20
69 46 20
70 46 20
71 46 20
72 46 20
78 46 20
79 46 20
80 46 20
81 46 20
82 46 20
26 47 20
27 47 20
38 47 20
39 47 20
40 47 20
41 47 20
42 47 20
43 47 20
44 47 20
45 47 20
46 47 20
47 47 20
48 47 20
49 47 20
50 47 20
51 47 20
52 47 20
53 47 20
54 47 20
55 47 20
56 47 20
57 47 20
58 47 20
59 47 20
60 47 20
61 47 20
62 47 20
63 47 20
64 47 20
65 47 20
66 47 20
67 47 20
68 47 20
69 47 20
76 47 20
77 47 20
78 47 20
79 47 20
80 47 20
81 47 20
82 47 20
83 47 20
27 48 20
30 48 20
39 48 20
40 48 20
41 48 20
42 48 20
43 48 20
45 48 20
46 48 20
47 48 20
48 48 20
49 48 20
50 48 20
51 48 20
52 48 20
53 48 20
54 48 20
57 48 20
58 48 20
59 48 20
60 48 20
61 48 20
62 48 20
64 48 20
65 48 20
66 48 20
67 48 20
68 48 20
70 48 20
71 48 20
73 48 20
74 48 20
76 48 20
77 48 20
78 48 20
79 48 20
80 48 20
81 48 20
82 48 20
83 48 20
84 48 20
89 48 20
90 48 20
18 49 20
28 49 20
29 49 20
30 49 20
40 49 20
42 49 20
43 49 20
44 49 20
45 49 20
46 49 20
47 49 20
48 49 20
49 49 20
50 49 20
51 49 20
52 49 20
53 49 20
54 49 20
55 49 20
57 49 20
58 49 20
59 49 20
60 49 20
61 49 20
63 49 20
64 49 20
65 49 20
66 49 20
67 49 20
68 49 20
69 49 20
70 49 20
71 49 20
72 49 20
73 49 20
74 49 20
77 49 20
78 49 20
79 49 20
81 49 20
82 49 20
83 49 20
84 49 20
85 49 20
86 49 20
88 49 20
89 49 20
91 49 20
92 49 20
18 50 20
19 50 20
28 50 20
30 50 20
31 50 20
39 50 20
40 50 20
41 50 20
42 50 20
43 50 20
44 50 20
45 50 20
46 50 20
47 50 20
48 50 20
49 50 20
50 50 20
51 50 20
52 50 20
53 50 20
54 50 20
55 50 20
56 50 20
57 50 20
58 50 20
59 50 20
60 50 20
61 50 20
62 50 20
63 50 20
64 50 20
65 50 20
66 50 20
67 50 20
68 50 20
69 50 20
70 50 20
71 50 20
72 50 20
73 50 20
74 50 20
78 50 20
79 50 20
81 50 20
83 50 20
84 50 20
85 50 20
86 50 20
89 50 20
90 50 20
91 50 20
18 51 20
19 51 20
20 51 20
24 51 20
25 51 20
26 51 20
40 51 20
41 51 20
42 51 20
43 51 20
44 51 20
45 51 20
46 51 20
47 51 20
48 51 20
50 51 20
51 51 20
52 51 20
53 51 20
54 51 20
55 51 20
56 51 20
57 51 20
59 51 20
60 51 20
61 51 20
62 51 20
64 51 20
65 51 20
66 51 20
67 51 20
68 51 20
69 51 20
70 51 20
71 51 20
72 51 20
73 51 20
74 51 20
75 51 20
79 51 20
80 51 20
81 51 20
24 52 20
25 52 20
26 52 20
29 52 20
30 52 20
34 52 20
35 52 20
40 52 20
41 52 20
42 52 20
43 52 20
44 52 20
45 52 20
46 52 20
47 52 20
48 52 20
50 52 20
51 52 20
52 52 20
53 52 20
54 52 20
55 52 20
56 52 20
57 52 20
58 52 20
59 52 20
60 52 20
61 52 20
62 52 20
63 52 20
64 52 20
65 52 20
66 52 20
67 52 20
68 52 20
69 52 20
70 52 20
71 52 20
72 52 20
73 52 20
74 52 20
75 52 20
77 52 20
78 52 20
81 52 20
34 53 20
35 53 20
37 53 20
41 53 20
42 53 20
43 53 20
44 53 20
45 53 20
46 53 20
47 53 20
48 53 20
49 53 20
50 53 20
51 53 20
52 53 20
53 53 20
54 53 20
55 53 20
57 53 20
58 53 20
59 53 20
60 53 20
61 53 20
63 53 20
64 53 20
65 53 20
66 53 20
67 53 20
68 53 20
69 53 20
70 53 20
71 53 20
72 53 20
75 53 20
77 53 20
78 53 20
37 54 20
40 54 20
41 54 20
42 54 20
43 54 20
44 54 20
45 54 20
46 54 20
47 54 20
48 54 20
49 54 20
50 54 20
51 54 20
52 54 20
53 54 20
54 54 20
55 54 20
56 54 20
57 54 20
58 54 20
59 54 20
60 54 20
61 54 20
62 54 20
63 54 20
64 54 20
65 54 20
66 54 20
67 54 20
68 54 20
69 54 20
70 54 20
71 54 20
72 54 20
73 54 20
75 54 20
76 54 20
77 54 20
78 54 20
79 54 20
38 55 20
39 55 20
40 55 20
43 55 20
44 55 20
45 55 20
46 55 20
47 55 20
48 55 20
49 55 20
50 55 20
51 55 20
52 55 20
53 55 20
54 55 20
55 55 20
57 55 20
58 55 20
59 55 20
60 55 20
61 55 20
62 55 20
63 55 20
64 55 20
65 55 20
66 55 20
67 55 20
68 55 20
69 55 20
70 55 20
71 55 20
74 55 20
75 55 20
76 55 20
77 55 20
78 55 20
79 55 20
80 55 20
36 56 20
37 56 20
38 56 20
39 56 20
40 56 20
43 56 20
44 56 20
45 56 20
46 56 20
47 56 20
48 56 20
49 56 20
50 56 20
51 56 20
53 56 20
54 56 20
55 56 20
57 56 20
58 56 20
59 56 20
60 56 20
61 56 20
62 56 20
63 56 20
64 56 20
65 56 20
66 56 20
67 56 20
68 56 20
69 56 20
70 56 20
71 56 20
72 56 20
73 56 20
74 56 20
75 56 20
76 56 20
77 56 20
78 56 20
79 56 20
36 57 20
37 57 20
39 57 20
40 57 20
44 57 20
45 57 20
46 57 20
47 57 20
48 57 20
49 57 20
50 57 20
51 57 20
52 57 20
53 57 20
54 57 20
55 57 20
56 57 20
57 57 20
58 57 20
59 57 20
60 57 20
61 57 20
62 57 20
63 57 20
64 57 20
65 57 20
66 57 20
67 57 20
68 57 20
69 57 20
70 57 20
71 57 20
72 57 20
73 57 20
74 57 20
75 57 20
76 57 20
77 57 20
78 57 20
79 57 20
80 57 20
44 58 20
45 58 20
46 58 20
47 58 20
48 58 20
49 58 20
50 58 20
51 58 20
52 58 20
53 58 20
54 58 20
55 58 20
56 58 20
57 58 20
58 58 20
59 58 20
60 58 20
61 58 20
63 58 20
64 58 20
65 58 20
66 58 20
67 58 20
68 58 20
69 58 20
70 58 20
71 58 20
72 58 20
73 58 20
74 58 20
75 58 20
76 58 20
77 58 20
78 58 20
80 58 20
40 59 20
45 59 20
46 59 20
47 59 20
48 59 20
49 59 20
50 59 20
51 59 20
52 59 20
53 59 20
54 59 20
55 59 20
56 59 20
57 59 20
58 59 20
59 59 20
61 59 20
65 59 20
66 59 20
67 59 20
68 59 20
69 59 20
70 59 20
71 59 20
72 59 20
73 59 20
74 59 20
75 59 20
76 59 20
77 59 20
78 59 20
79 59 20
80 59 20
81 59 20
99 59 20
0 60 20
45 60 20
46 60 20
47 60 20
48 60 20
49 60 20
50 60 20
51 60 20
52 60 20
53 60 20
54 60 20
55 60 20
56 60 20
57 60 20
58 60 20
59 60 20
63 60 20
65 60 20
66 60 20
67 60 20
68 60 20
69 60 20
70 60 20
71 60 20
72 60 20
73 60 20
74 60 20
75 60 20
76 60 20
77 60 20
78 60 20
80 60 20
81 60 20
82 60 20
98 60 20
99 60 20
0 61 20
36 61 20
44 61 20
45 61 20
46 61 20
47 61 20
48 61 20
49 61 20
50 61 20
51 61 20
52 61 20
53 61 20
55 61 20
57 61 20
58 61 20
59 61 20
60 61 20
61 61 20
62 61 20
63 61 20
66 61 20
67 61 20
68 61 20
69 61 20
70 61 20
71 61 20
72 61 20
73 61 20
74 61 20
75 61 20
76 61 20
77 61 20
78 61 20
79 61 20
99 61 20
0 62 20
18 62 20
35 62 20
36 62 20
37 62 20
45 62 20
46 62 20
47 62 20
48 62 20
49 62 20
50 62 20
51 62 20
52 62 20
53 62 20
55 62 20
56 62 20
57 62 20
58 62 20
59 62 20
60 62 20
61 62 20
62 62 20
63 62 20
66 62 20
67 62 20
71 62 20
72 62 20
73 62 20
74 62 20
75 62 20
76 62 20
78 62 20
79 62 20
17 63 20
18 63 20
19 63 20
34 63 20
35 63 20
36 63 20
37 63 20
45 63 20
46 63 20
47 63 20
48 63 20
49 63 20
50 63 20
51 63 20
52 63 20
53 63 20
54 63 20
55 63 20
56 63 20
57 63 20
58 63 20
59 63 20
60 63 20
61 63 20
62 63 20
63 63 20
64 63 20
65 63 20
66 63 20
67 63 20
69 63 20
70 63 20
71 63 20
72 63 20
73 63 20
74 63 20
75 63 20
76 63 20
78 63 20
79 63 20
96 63 20
97 63 20
33 64 20
36 64 20
44 64 20
45 64 20
46 64 20
47 64 20
48 64 20
50 64 20
51 64 20
52 64 20
53 64 20
54 64 20
55 64 20
56 64 20
57 64 20
58 64 20
59 64 20
60 64 20
61 64 20
62 64 20
63 64 20
64 64 20
65 64 20
66 64 20
68 64 20
69 64 20
70 64 20
72 64 20
73 64 20
74 64 20
75 64 20
76 64 20
77 64 20
78 64 20
79 64 20
83 64 20
96 64 20
97 64 20
33 65 20
45 65 20
46 65 20
47 65 20
48 65 20
49 65 20
50 65 20
51 65 20
52 65 20
53 65 20
54 65 20
55 65 20
57 65 20
58 65 20
59 65 20
60 65 20
61 65 20
62 65 20
63 65 20
64 65 20
65 65 20
66 65 20
67 65 20
68 65 20
69 65 20
70 65 20
71 65 20
72 65 20
73 65 20
74 65 20
75 65 20
76 65 20
77 65 20
84 65 20
85 65 20
86 65 20
97 65 20
28 66 20
34 66 20
35 66 20
38 66 20
39 66 20
45 66 20
46 66 20
47 66 20
51 66 20
52 66 20
53 66 20
54 66 20
55 66 20
56 66 20
57 66 20
58 66 20
59 66 20
60 66 20
61 66 20
62 66 20
63 66 20
64 66 20
65 66 20
67 66 20
69 66 20
71 66 20
72 66 20
73 66 20
74 66 20
75 66 20
85 66 20
86 66 20
95 66 20
26 67 20
28 67 20
38 67 20
39 67 20
44 67 20
45 67 20
46 67 20
47 67 20
51 67 20
52 67 20
53 67 20
54 67 20
55 67 20
56 67 20
57 67 20
58 67 20
59 67 20
60 67 20
61 67 20
62 67 20
63 67 20
64 67 20
65 67 20
66 67 20
67 67 20
68 67 20
69 67 20
70 67 20
71 67 20
72 67 20
73 67 20
74 67 20
75 67 20
86 67 20
94 67 20
95 67 20
96 67 20
97 67 20
98 67 20
99 67 20
26 68 20
27 68 20
28 68 20
29 68 20
30 68 20
45 68 20
46 68 20
49 68 20
50 68 20
51 68 20
52 68 20
53 68 20
54 68 20
55 68 20
56 68 20
57 68 20
58 68 20
59 68 20
60 68 20
62 68 20
63 68 20
64 68 20
66 68 20
67 68 20
68 68 20
69 68 20
71 68 20
72 68 20
73 68 20
75 68 20
76 68 20
83 68 20
94 68 20
95 68 20
96 68 20
98 68 20
99 68 20
26 69 20
27 69 20
29 69 20
30 69 20
31 69 20
49 69 20
50 69 20
51 69 20
52 69 20
53 69 20
54 69 20
55 69 20
56 69 20
57 69 20
58 69 20
59 69 20
60 69 20
62 69 20
64 69 20
65 69 20
66 69 20
67 69 20
68 69 20
69 69 20
70 69 20
71 69 20
72 69 20
73 69 20
74 69 20
75 69 20
76 69 20
81 69 20
82 69 20
83 69 20
23 70 20
24 70 20
25 70 20
28 70 20
29 70 20
31 70 20
32 70 20
37 70 20
38 70 20
39 70 20
40 70 20
41 70 20
43 70 20
50 70 20
51 70 20
52 70 20
53 70 20
54 70 20
55 70 20
56 70 20
57 70 20
58 70 20
59 70 20
61 70 20
62 70 20
63 70 20
64 70 20
65 70 20
66 70 20
67 70 20
70 70 20
71 70 20
72 70 20
73 70 20
74 70 20
75 70 20
80 70 20
81 70 20
82 70 20
83 70 20
92 70 20
93 70 20
23 71 20
24 71 20
25 71 20
28 71 20
29 71 20
30 71 20
32 71 20
38 71 20
39 71 20
40 71 20
41 71 20
42 71 20
43 71 20
52 71 20
53 71 20
54 71 20
55 71 20
56 71 20
57 71 20
59 71 20
60 71 20
63 71 20
64 71 20
66 71 20
68 71 20
69 71 20
70 71 20
71 71 20
72 71 20
73 71 20
74 71 20
75 71 20
80 71 20
84 71 20
85 71 20
91 71 20
92 71 20
93 71 20
23 72 20
26 72 20
27 72 20
28 72 20
29 72 20
30 72 20
37 72 20
39 72 20
40 72 20
41 72 20
42 72 20
43 72 20
46 72 20
50 72 20
52 72 20
53 72 20
54 72 20
55 72 20
56 72 20
57 72 20
58 72 20
59 72 20
60 72 20
61 72 20
62 72 20
63 72 20
64 72 20
65 72 20
66 72 20
67 72 20
68 72 20
71 72 20
72 72 20
73 72 20
74 72 20
79 72 20
80 72 20
82 72 20
84 72 20
85 72 20
86 72 20
91 72 20
92 72 20
93 72 20
24 73 20
25 73 20
26 73 20
27 73 20
28 73 20
29 73 20
30 73 20
31 73 20
36 73 20
37 73 20
39 73 20
40 73 20
41 73 20
42 73 20
43 73 20
44 73 20
48 73 20
54 73 20
55 73 20
57 73 20
58 73 20
59 73 20
60 73 20
61 73 20
62 73 20
63 73 20
64 73 20
65 73 20
66 73 20
67 73 20
68 73 20
69 73 20
70 73 20
71 73 20
72 73 20
73 73 20
74 73 20
75 73 20
84 73 20
85 73 20
86 73 20
87 73 20
89 73 20
21 74 20
24 74 20
25 74 20
26 74 20
27 74 20
29 74 20
30 74 20
31 74 20
36 74 20
37 74 20
38 74 20
39 74 20
40 74 20
41 74 20
42 74 20
43 74 20
45 74 20
47 74 20
49 74 20
50 74 20
54 74 20
55 74 20
56 74 20
58 74 20
59 74 20
60 74 20
61 74 20
65 74 20
66 74 20
67 74 20
71 74 20
72 74 20
73 74 20
74 74 20
75 74 20
76 74 20
78 74 20
79 74 20
86 74 20
87 74 20
89 74 20
90 74 20
91 74 20
15 75 20
20 75 20
21 75 20
23 75 20
24 75 20
25 75 20
26 75 20
29 75 20
30 75 20
31 75 20
32 75 20
33 75 20
34 75 20
37 75 20
40 75 20
41 75 20
43 75 20
44 75 20
45 75 20
47 75 20
48 75 20
49 75 20
50 75 20
51 75 20
52 75 20
53 75 20
54 75 20
58 75 20
59 75 20
60 75 20
62 75 20
66 75 20
67 75 20
68 75 20
70 75 20
71 75 20
73 75 20
74 75 20
75 75 20
78 75 20
79 75 20
85 75 20
86 75 20
89 75 20
90 75 20
15 76 20
16 76 20
21 76 20
22 76 20
23 76 20
24 76 20
25 76 20
26 76 20
30 76 20
31 76 20
32 76 20
33 76 20
35 76 20
36 76 20
41 76 20
43 76 20
44 76 20
46 76 20
47 76 20
48 76 20
49 76 20
50 76 20
51 76 20
52 76 20
53 76 20
54 76 20
61 76 20
62 76 20
64 76 20
65 76 20
66 76 20
67 76 20
68 76 20
69 76 20
70 76 20
71 76 20
72 76 20
73 76 20
79 76 20
80 76 20
84 76 20
85 76 20
86 76 20
89 76 20
90 76 20
15 77 20
16 77 20
21 77 20
22 77 20
23 77 20
24 77 20
29 77 20
30 77 20
31 77 20
32 77 20
33 77 20
34 77 20
35 77 20
46 77 20
48 77 20
49 77 20
50 77 20
51 77 20
52 77 20
53 77 20
54 77 20
55 77 20
56 77 20
62 77 20
63 77 20
64 77 20
65 77 20
66 77 20
69 77 20
70 77 20
71 77 20
72 77 20
76 77 20
77 77 20
78 77 20
79 77 20
80 77 20
81 77 20
85 77 20
86 77 20
87 77 20
89 77 20
90 77 20
91 77 20
20 78 20
21 78 20
22 78 20
23 78 20
24 78 20
29 78 20
30 78 20
31 78 20
33 78 20
35 78 20
48 78 20
49 78 20
50 78 20
51 78 20
53 78 20
54 78 20
55 78 20
56 78 20
64 78 20
65 78 20
66 78 20
67 78 20
68 78 20
69 78 20
70 78 20
71 78 20
75 78 20
76 78 20
78 78 20
79 78 20
80 78 20
84 78 20
85 78 20
86 78 20
87 78 20
91 78 20
92 78 20
93 78 20
13 79 20
14 79 20
21 79 20
22 79 20
23 79 20
24 79 20
29 79 20
30 79 20
31 79 20
32 79 20
35 79 20
36 79 20
41 79 20
42 79 20
48 79 20
49 79 20
50 79 20
51 79 20
52 79 20
53 79 20
54 79 20
55 79 20
65 79 20
66 79 20
67 79 20
68 79 20
69 79 20
71 79 20
73 79 20
75 79 20
76 79 20
78 79 20
79 79 20
85 79 20
86 79 20
87 79 20
88 79 20
89 79 20
90 79 20
11 80 20
12 80 20
13 80 20
21 80 20
22 80 20
23 80 20
24 80 20
30 80 20
31 80 20
33 80 20
34 80 20
36 80 20
41 80 20
42 80 20
44 80 20
46 80 20
49 80 20
50 80 20
51 80 20
52 80 20
53 80 20
54 80 20
55 80 20
64 80 20
65 80 20
66 80 20
67 80 20
68 80 20
71 80 20
72 80 20
73 80 20
75 80 20
76 80 20
77 80 20
78 80 20
84 80 20
86 80 20
87 80 20
88 80 20
89 80 20
90 80 20
11 81 20
12 81 20
13 81 20
20 81 20
21 81 20
22 81 20
23 81 20
30 81 20
31 81 20
32 81 20
33 81 20
34 81 20
44 81 20
45 81 20
46 81 20
47 81 20
52 81 20
53 81 20
54 81 20
66 81 20
67 81 20
68 81 20
69 81 20
70 81 20
71 81 20
72 81 20
73 81 20
74 81 20
75 81 20
76 81 20
77 81 20
81 81 20
82 81 20
83 81 20
84 81 20
87 81 20
88 81 20
89 81 20
90 81 20
11 82 20
12 82 20
21 82 20
22 82 20
23 82 20
24 82 20
29 82 20
30 82 20
31 82 20
32 82 20
33 82 20
34 82 20
35 82 20
42 82 20
43 82 20
44 82 20
51 82 20
52 82 20
53 82 20
69 82 20
71 82 20
72 82 20
73 82 20
74 82 20
75 82 20
76 82 20
77 82 20
78 82 20
82 82 20
83 82 20
87 82 20
88 82 20
11 83 20
12 83 20
13 83 20
21 83 20
22 83 20
23 83 20
30 83 20
31 83 20
32 83 20
33 83 20
34 83 20
43 83 20
51 83 20
52 83 20
53 83 20
59 83 20
60 83 20
61 83 20
64 83 20
65 83 20
70 83 20
71 83 20
72 83 20
73 83 20
74 83 20
75 83 20
76 83 20
77 83 20
78 83 20
82 83 20
83 83 20
87 83 20
88 83 20
89 83 20
12 84 20
13 84 20
22 84 20
23 84 20
31 84 20
32 84 20
33 84 20
50 84 20
51 84 20
52 84 20
53 84 20
60 84 20
61 84 20
64 84 20
65 84 20
70 84 20
72 84 20
74 84 20
75 84 20
76 84 20
77 84 20
78 84 20
87 84 20
88 84 20
2 85 20
23 85 20
41 85 20
42 85 20
50 85 20
51 85 20
52 85 20
53 85 20
57 85 20
58 85 20
59 85 20
61 85 20
62 85 20
63 85 20
64 85 20
70 85 20
72 85 20
73 85 20
74 85 20
75 85 20
76 85 20
77 85 20
78 85 20
84 85 20
85 85 20
86 85 20
87 85 20
2 86 20
34 86 20
35 86 20
36 86 20
41 86 20
50 86 20
51 86 20
52 86 20
53 86 20
57 86 20
58 86 20
59 86 20
60 86 20
61 86 20
62 86 20
63 86 20
70 86 20
71 86 20
72 86 20
76 86 20
77 86 20
78 86 20
84 86 20
85 86 20
86 86 20
88 86 20
34 87 20
38 87 20
39 87 20
40 87 20
48 87 20
49 87 20
50 87 20
51 87 20
52 87 20
53 87 20
54 87 20
55 87 20
56 87 20
57 87 20
58 87 20
59 87 20
60 87 20
61 87 20
62 87 20
67 87 20
68 87 20
69 87 20
73 87 20
76 87 20
77 87 20
84 87 20
85 87 20
87 87 20
91 87 20
92 87 20
33 88 20
34 88 20
35 88 20
47 88 20
48 88 20
49 88 20
50 88 20
51 88 20
52 88 20
54 88 20
55 88 20
56 88 20
57 88 20
58 88 20
59 88 20
60 88 20
61 88 20
62 88 20
63 88 20
67 88 20
68 88 20
69 88 20
70 88 20
76 88 20
77 88 20
84 88 20
85 88 20
86 88 20
90 88 20
91 88 20
92 88 20
32 89 20
33 89 20
34 89 20
35 89 20
48 89 20
49 89 20
50 89 20
52 89 20
54 89 20
55 89 20
56 89 20
57 89 20
58 89 20
59 89 20
60 89 20
61 89 20
62 89 20
63 89 20
64 89 20
65 89 20
66 89 20
67 89 20
68 89 20
69 89 20
71 89 20
72 89 20
78 89 20
83 89 20
84 89 20
85 89 20
86 89 20
91 89 20
96 89 20
97 89 20
99 89 20
0 90 20
34 90 20
48 90 20
49 90 20
50 90 20
51 90 20
55 90 20
56 90 20
57 90 20
59 90 20
60 90 20
61 90 20
62 90 20
63 90 20
64 90 20
66 90 20
67 90 20
68 90 20
69 90 20
70 90 20
71 90 20
73 90 20
74 90 20
75 90 20
84 90 20
85 90 20
86 90 20
90 90 20
91 90 20
92 90 20
95 90 20
96 90 20
97 90 20
98 90 20
50 91 20
51 91 20
52 91 20
59 91 20
61 91 20
62 91 20
63 91 20
64 91 20
65 91 20
66 91 20
70 91 20
71 91 20
72 91 20
73 91 20
74 91 20
75 91 20
85 91 20
86 91 20
89 91 20
90 91 20
91 91 20
92 91 20
93 91 20
96 91 20
97 91 20
98 91 20
0 92 20
50 92 20
51 92 20
60 92 20
62 92 20
63 92 20
64 92 20
65 92 20
66 92 20
67 92 20
68 92 20
69 92 20
70 92 20
71 92 20
72 92 20
74 92 20
75 92 20
76 92 20
77 92 20
78 92 20
80 92 20
81 92 20
85 92 20
90 92 20
91 92 20
92 92 20
93 92 20
0 93 20
63 93 20
64 93 20
65 93 20
67 93 20
68 93 20
69 93 20
70 93 20
71 93 20
72 93 20
73 93 20
74 93 20
76 93 20
77 93 20
78 93 20
80 93 20
81 93 20
91 93 20
96 93 20
97 93 20
98 93 20
99 93 20
0 94 20
60 94 20
61 94 20
67 94 20
68 94 20
69 94 20
70 94 20
71 94 20
72 94 20
73 94 20
74 94 20
75 94 20
76 94 20
77 94 20
78 94 20
81 94 20
82 94 20
83 94 20
84 94 20
85 94 20
90 94 20
91 94 20
97 94 20
60 95 20
61 95 20
62 95 20
67 95 20
68 95 20
69 95 20
70 95 20
71 95 20
74 95 20
75 95 20
76 95 20
77 95 20
81 95 20
82 95 20
83 95 20
84 95 20
85 95 20
90 95 20
91 95 20
61 96 20
62 96 20
67 96 20
68 96 20
69 96 20
70 96 20
71 96 20
72 96 20
73 96 20
74 96 20
75 96 20
76 96 20
77 96 20
78 96 20
81 96 20
82 96 20
83 96 20
84 96 20
90 96 20
91 96 20
92 96 20
93 96 20
68 97 20
69 97 20
70 97 20
71 97 20
72 97 20
73 97 20
74 97 20
77 97 20
78 97 20
79 97 20
81 97 20
83 97 20
84 97 20
85 97 20
86 97 20
87 97 20
91 97 20
92 97 20
93 97 20
94 97 20
96 97 20
97 97 20
98 97 20
68 98 20
69 98 20
70 98 20
71 98 20
72 98 20
74 98 20
75 98 20
77 98 20
78 98 20
80 98 20
81 98 20
84 98 20
85 98 20
86 98 20
87 98 20
89 98 20
90 98 20
91 98 20
92 98 20
93 98 20
94 98 20
95 98 20
96 98 20
97 98 20
98 98 20
67 99 20
71 99 20
72 99 20
76 99 20
77 99 20
78 99 20
79 99 20
80 99 20
81 99 20
84 99 20
85 99 20
86 99 20
87 99 20
88 99 20
89 99 20
90 99 20
91 99 20
92 99 20
93 99 20
94 99 20
95 99 20
96 99 20
97 99 20
98 99 20
1 64 30
1 65 30
1 66 30
2 66 30
1 67 30
92 45 40
90 46 40
92 46 40
93 46 40
90 47 40
91 47 40
92 48 40
89 51 50
90 51 50
91 51 50
88 52 50
89 52 50
90 52 50
18 65 60
19 65 60
20 65 60
18 66 60
19 66 60
20 66 60
21 66 60
18 67 60
19 67 60
20 67 60
81 87 70
80 88 70
81 88 70
82 88 70
75 46 80
76 46 80
17 60 90
18 60 90
19 60 90
20 60 90
17 61 90
53 90 100
54 90 100
53 91 100
54 91 100
90 63 110
91 63 110
90 64 110
91 64 110
90 65 110
91 65 110
44 0 120
45 0 120
46 0 120
32 91 130
33 91 130
31 92 130
32 92 130
17 73 140
18 73 140
16 74 140
17 74 140
18 74 140
16 75 140
17 75 140
56 34 150
57 34 150
28 74 160
27 75 160
28 75 160
27 76 160
28 76 160
45 78 170
45 79 170
51 16 180
51 17 180
18 33 190
19 33 190
18 34 190
87 92 200
88 92 200
24 99 210
25 99 210
37 58 220
39 58 220
38 59 220
49 16 230
49 17 230
77 66 240
78 66 240
76 67 240
77 67 240
78 67 240
96 60 250
95 61 250
96 61 250
97 61 250
38 64 260
39 64 260
40 64 260
88 65 270
88 66 270
89 66 270
97 66 280
98 66 280
59 76 290
60 77 290
38 44 300
39 44 300
38 45 300
39 45 300
43 59 310
44 59 310
43 60 310
48 83 320
49 83 320
46 97 330
47 97 330
48 97 330
46 98 330
47 98 330
91 85 340
91 86 340
20 77 350
18 78 350
19 78 350
67 77 360
68 77 360
84 70 370
85 70 370
86 70 370
59 36 380
60 36 380
75 86 390
74 87 390
75 87 390
74 88 390
64 60 400
64 61 400
65 61 400
64 62 400
65 62 400
