1383297600000	1	1	1.445982643495844E-4
1383300000000	1	1	2.8933358216274067E-4
1383306000000	1	1	2.1703444998794847E-4
1383306600000	1	1	6.92190810703531E-5
1383308400000	1	1	7.22991321747922E-5
1383309000000	1	1	2.107372943154984E-4
1383315000000	1	1	7.395236931786679E-5
1383317400000	1	1	6.92190810703531E-5
1383331200000	1	1	6.92190810703531E-5
1383339600000	1	1	7.22991321747922E-5
1383342000000	1	1	7.551623674280319E-5
1383342600000	1	1	6.92190810703531E-5
1383342600000	1	1	7.123456781290102123
1383265800000	1	10	2.814243229598746E-5
1383288000000	1	10	3.907339743793248E-5
1383296400000	1	10	1.028247752913052E-4
1383297000000	1	10	1.3096720758729266E-4
1383298800000	1	10	1.551390040413683E-4
1383299400000	1	10	1.0921254093705222E-4
1383305400000	1	10	1.5695136131990814E-4
1383307800000	1	10	1.0402368497483085E-4
1383321600000	1	10	3.2281399857055136E-4
1383324000000	1	10	2.814243229598746E-5
1383330000000	1	10	8.961615285018374E-5
1383330600000	1	10	8.110018349187615E-5
1383332400000	1	10	1.0402368497483085E-4
1383333000000	1	10	2.814243229598746E-5
1383341400000	1	10	7.588125267884338E-5
1383269400000	1	1001	4.6649398250341986E-5
1383294000000	1	1001	7.373076644475431E-6
1383300600000	1	1001	5.391152654393628E-5
1383303000000	1	1001	6.740586716042852E-6
1383327600000	1	1001	3.054048393805137E-6
1383295200000	1	1002	1.1557122787221975E-4
1383301800000	1	1002	3.6865383222377156E-6
1383303600000	1	1002	3.6865383222377156E-6
1383304200000	1	1002	3.6865383222377156E-6
1383310200000	1	1002	5.63104352596541E-5
1383312600000	1	1002	2.9503573529115528E-6
1383326400000	1	1002	6.0548422219085544E-5
1383328800000	1	1002	5.391152654393628E-5
1383337800000	1	1002	5.391152654393628E-5
1383286200000	1	1003	2.915793600063867E-6
1383302400000	1	1003	4.453761019016008E-5
1383304800000	1	1003	3.5196511189015013E-6
1383313200000	1	1003	3.5196511189015013E-6
1383336000000	1	1003	2.915793600063867E-6
1383287400000	1	1004	6.108096787610274E-6
1383298200000	1	1004	5.391152654393628E-5
1383312000000	1	1004	3.054048393805137E-6
1383320400000	1	1004	5.391152654393628E-5
1383322800000	1	1004	3.6865383222377156E-6
1383331800000	1	1004	3.6865383222377156E-6
1383297000000	1	1005	4.574841620992991E-5
1383299400000	1	1005	9.047410682482171E-5
1383321600000	1	1005	4.867652308177438E-5
1383324000000	1	1005	1.5685645509094354E-6
1383333000000	1	1005	1.7122825241918233E-6
1383315000000	1	1006	5.314415697795832E-5
1383340200000	1	1006	2.7762502812672364E-5
1383291000000	1	1007	4.923422961926937E-7
1383293400000	1	1007	1.6411777455241325E-6
1383315600000	1	1007	1.779540892982917E-6
1383318600000	1	1007	3.282355491048265E-6
1383324600000	1	1007	1.779540892982917E-6
1383327000000	1	1007	9.846845923853874E-7
1383269400000	1	1008	1.5619722297691256E-5
1383292200000	1	1008	1.4916415115122929E-5
1383294000000	1	1008	2.6850996425416602E-5
1383303000000	1	1008	1.022593850813425E-6
1383316800000	1	1008	7.613023464747999E-5
1383327600000	1	1008	1.022593850813425E-6
1383295200000	1	1009	7.650411438168996E-7
1383304200000	1	1009	5.174185277631569E-5
1383312600000	1	1009	7.650411438168996E-7
1383326400000	1	1009	7.650411438168996E-7
1383328800000	1	1009	5.174185277631569E-5
1383302400000	1	101	2.188952684027752E-4
1383304800000	1	101	3.828319211858037E-4
1383310800000	1	101	7.337267666541348E-5
1383311400000	1	101	2.2088297164308423E-4
1383313200000	1	101	2.221057332365495E-4
1383313800000	1	101	7.214991507194822E-5
1383319800000	1	101	3.0002045511553084E-4
1383322200000	1	101	2.2260620919004599E-4
1383286200000	1	1010	3.546236928778526E-7
1383302400000	1	1010	5.416738618687858E-6
1383336000000	1	1010	3.546236928778526E-7
1383287400000	1	1011	9.719316027129663E-7
1383312000000	1	1011	4.859658013564832E-7
1383321000000	1	1011	4.8298262650479766E-6
1383324000000	1	1012	5.1264409081636955E-5
1383333000000	1	1012	6.173079098244116E-7
1383315000000	1	1013	2.6033883120252707E-5
1383340200000	1	1013	2.6033883120252707E-5
1383293400000	1	1014	2.916488209783197E-6
1383315600000	1	1014	3.3874418168480956E-6
1383318600000	1	1014	5.832976419566394E-6
1383324600000	1	1014	3.3874418168480956E-6
1383269400000	1	1015	4.6649398250341986E-5
1383292200000	1	1015	3.480730259297038E-5
1383303000000	1	1015	3.054048393805137E-6
1383316800000	1	1015	9.669681023832642E-5
1383327600000	1	1015	3.054048393805137E-6
1383295200000	1	1016	2.7775388063171216E-6
1383304200000	1	1016	4.595697416766665E-5
1383312600000	1	1016	2.7775388063171216E-6
1383326400000	1	1016	2.7775388063171216E-6
1383328800000	1	1016	4.595697416766665E-5
1383286200000	1	1017	3.054048393805137E-6
1383302400000	1	1017	4.6649398250341986E-5
1383336000000	1	1017	3.054048393805137E-6
1383287400000	1	1018	4.206325313692688E-6
1383312000000	1	1018	2.103162656846344E-6
1383278400000	1	102	6.387474778779308E-5
1383289200000	1	102	6.387474778779308E-5
1383295800000	1	102	1.8951283676380638E-4
1383298200000	1	102	1.7953893293318223E-4
1383312000000	1	102	2.3415826129300816E-4
1383314400000	1	102	6.387474778779308E-5
1383320400000	1	102	1.9621253380369894E-4
1383321000000	1	102	3.5094985541886723E-4
1383322800000	1	102	6.0778806775311216E-5
1383323400000	1	102	1.792068162072293E-4
1383329400000	1	102	6.773220126669989E-5
1383331800000	1	102	4.367835983109502E-6
1383286200000	1	1024	1.3825479374127168E-7
1383302400000	1	1024	2.1117880601819238E-6
1383304800000	1	1024	1.6688720339508142E-7
1383313200000	1	1024	1.6688720339508142E-7
1383336000000	1	1024	1.3825479374127168E-7
1383293400000	1	1028	5.621731879519332E-6
1383265800000	1	103	7.551623674280319E-5
1383296400000	1	103	1.481803848536356E-4
1383297000000	1	103	2.2369662159643877E-4
1383298800000	1	103	1.551390040413683E-4
1383299400000	1	103	1.5658634538386794E-4
1383305400000	1	103	1.5695136131990814E-4
1383307800000	1	103	1.5139748942164658E-4
1383321600000	1	103	4.6291721702651316E-4
1383324000000	1	103	7.551623674280319E-5
1383330000000	1	103	2.3173756619063093E-4
1383330600000	1	103	8.420165739734449E-5
1383332400000	1	103	1.5139748942164658E-4
1383333000000	1	103	7.551623674280319E-5
1383341400000	1	103	7.588125267884338E-5
1383297600000	1	104	1.5155688353731713E-4
1383300000000	1	104	3.099129921466964E-4
1383306000000	1	104	2.3065524078417148E-4
1383306600000	1	104	7.588125267884338E-5
1383308400000	1	104	7.925775136252494E-5
1383309000000	1	104	2.2406163753247897E-4
1383315000000	1	104	7.588125267884338E-5
1383317400000	1	104	7.588125267884338E-5
1383331200000	1	104	7.588125267884338E-5
1383339600000	1	104	7.925775136252494E-5
1383342000000	1	104	7.551623674280319E-5
1383342600000	1	104	7.588125267884338E-5
1383291000000	1	105	5.188855962221371E-6
1383293400000	1	105	2.961551478869015E-4
1383309600000	1	105	5.188855962221371E-6
1383315600000	1	105	2.963607697072712E-4
1383316200000	1	105	2.2542342306324732E-4
1383318000000	1	105	3.7187700645007437E-4
1383318600000	1	105	7.588125267884338E-5
1383324600000	1	105	1.547739881053281E-4
1383327000000	1	105	7.748798813701356E-5
1383343200000	1	105	2.2691372616444978E-4
1383261000000	1	106	7.748798813701356E-5
1383294000000	1	106	1.600829100761879E-4
1383294600000	1	106	1.481803848536356E-4
1383300600000	1	106	3.8615926076158004E-4
1383303000000	1	106	2.2925049349470033E-4
1383319200000	1	106	7.22991321747922E-5
1383325800000	1	106	7.551623674280319E-5
1383327600000	1	106	1.481803848536356E-4
1383328200000	1	106	2.2727874210048997E-4
1383334200000	1	106	2.310202567202117E-4
1383292800000	1	107	1.5650078957213669E-4
1383295200000	1	107	1.5336924081585694E-4
1383301800000	1	107	7.551623674280319E-5
1383303600000	1	107	1.5139748942164658E-4
1383304200000	1	107	3.1501629229718656E-4
1383310200000	1	107	7.588125267884338E-5
1383312600000	1	107	7.22991321747922E-5
1383326400000	1	107	2.997372683909527E-4
1383328800000	1	107	2.2900554356729852E-4
1383334800000	1	107	3.7187700645007437E-4
1383335400000	1	107	7.925775136252494E-5
1383343800000	1	107	7.551623674280319E-5
1383302400000	1	108	2.2406163753247897E-4
1383304800000	1	108	3.886033716988079E-4
1383310800000	1	108	7.588125267884338E-5
1383311400000	1	108	2.2369662159643877E-4
1383313200000	1	108	2.2727874210048997E-4
1383313800000	1	108	7.22991321747922E-5
1383319800000	1	108	3.102780080827366E-4
1383322200000	1	108	2.2542342306324732E-4
1383278400000	1	109	7.588125267884338E-5
1383289200000	1	109	7.588125267884338E-5
1383295800000	1	109	2.3065524078417148E-4
1383298200000	1	109	2.2385601571210933E-4
1383312000000	1	109	2.9884784240320175E-4
1383314400000	1	109	7.588125267884338E-5
1383320400000	1	109	2.389756455026726E-4
1383321000000	1	109	4.4381112268882634E-4
1383322800000	1	109	7.748798813701356E-5
1383323400000	1	109	2.2369662159643877E-4
1383329400000	1	109	8.082515871366294E-5
1383331800000	1	109	5.188855962221371E-6
1383297600000	1	11	7.454047975916291E-5
1383300000000	1	11	1.4810491363422421E-4
1383306000000	1	11	9.8025455835575E-5
1383306600000	1	11	4.7945998036925804E-5
1383308400000	1	11	5.00794577986492E-5
1383309000000	1	11	9.589199607385161E-5
1383315000000	1	11	4.7945998036925804E-5
1383317400000	1	11	4.7945998036925804E-5
1383331200000	1	11	4.7945998036925804E-5
1383339600000	1	11	5.00794577986492E-5
1383342600000	1	11	4.7945998036925804E-5
1383265800000	1	110	2.780057787271402E-5
1383288000000	1	110	3.935535523934726E-5
1383296400000	1	110	1.0249748437747216E-4
1383297000000	1	110	1.3029806225018617E-4
1383298800000	1	110	1.551390040413683E-4
1383299400000	1	110	1.0887068651377877E-4
1383305400000	1	110	1.5695136131990814E-4
1383307800000	1	110	1.036818305515574E-4
1383321600000	1	110	3.218029988101715E-4
1383324000000	1	110	2.780057787271402E-5
1383330000000	1	110	8.859058958036343E-5
1383330600000	1	110	8.107780292553507E-5
1383332400000	1	110	1.036818305515574E-4
1383333000000	1	110	2.780057787271402E-5
1383341400000	1	110	7.588125267884338E-5
1383328800000	1	1100	1.9449065227940932E-4
1383286200000	1	1101	3.054048393805137E-6
1383302400000	1	1101	4.6649398250341986E-5
1383304800000	1	1101	3.6865383222377156E-6
1383313200000	1	1101	3.6865383222377156E-6
1383336000000	1	1101	3.054048393805137E-6
1383287400000	1	1102	5.485950106916982E-6
1383298200000	1	1102	5.1470986636961794E-5
1383312000000	1	1102	2.742975053458491E-6
1383320400000	1	1102	5.1470986636961794E-5
1383322800000	1	1102	3.519651118873524E-6
1383329400000	1	1102	3.879467798212866E-6
1383331800000	1	1102	3.519651118873524E-6
1383297000000	1	1103	5.7598064866173996E-5
1383299400000	1	1103	1.139085001258281E-4
1383321600000	1	1103	6.128460318841171E-5
1383324000000	1	1103	1.235090115557405E-7
1383333000000	1	1103	3.054048393805137E-6
1383315000000	1	1104	8.92960066027092E-5
1383340200000	1	1104	4.652448819952609E-5
1383291000000	1	1105	6.463408745351583E-7
1383293400000	1	1105	1.3165745598783744E-6
1383315600000	1	1105	2.7864460510407177E-6
1383318600000	1	1105	2.633149119756749E-6
1383324600000	1	1105	2.7864460510407177E-6
1383327000000	1	1105	1.2926817490703165E-6
1383269400000	1	1106	8.839061308153917E-7
1383292200000	1	1106	6.308951090790081E-6
1383294000000	1	1106	3.142474680751034E-5
1383303000000	1	1106	5.786767247467058E-8
1383316800000	1	1106	7.849419346453683E-5
1383327600000	1	1106	5.786767247467058E-8
1383304200000	1	1107	2.9604128188723796E-5
1383328800000	1	1107	2.9604128188723796E-5
1383321000000	1	1109	5.7437884554418066E-6
1383297600000	1	111	6.970403120543432E-5
1383300000000	1	111	2.1162657407928636E-4
1383306000000	1	111	1.3554985872093128E-4
1383306600000	1	111	6.629985246934933E-5
1383308400000	1	111	6.925000625158194E-5
1383309000000	1	111	1.3259970493869865E-4
1383315000000	1	111	6.629985246934933E-5
1383317400000	1	111	6.629985246934933E-5
1383331200000	1	111	6.629985246934933E-5
1383339600000	1	111	6.925000625158194E-5
1383342600000	1	111	6.629985246934933E-5
1383324000000	1	1110	5.14986479880956E-5
1383315600000	1	1112	3.3874418168480956E-6
1383324600000	1	1112	3.3874418168480956E-6
1383292200000	1	1113	3.480730259297038E-5
1383294000000	1	1113	8.399652376062793E-5
1383316800000	1	1113	9.90751450071431E-5
1383295200000	1	1114	7.503348786700639E-7
1383304200000	1	1114	5.174185277631569E-5
1383312600000	1	1114	7.503348786700639E-7
1383326400000	1	1114	7.503348786700639E-7
1383328800000	1	1114	5.174185277631569E-5
1383286200000	1	1115	2.679459745457269E-6
1383302400000	1	1115	4.092770272243806E-5
1383336000000	1	1115	2.679459745457269E-6
1383287400000	1	1116	6.108096787610274E-6
1383312000000	1	1116	3.054048393805137E-6
1383324000000	1	1117	5.13199282783066E-5
1383333000000	1	1117	2.2662069332176503E-6
1383315000000	1	1118	2.5567373859145385E-6
1383340200000	1	1118	2.5567373859145385E-6
1383291000000	1	112	2.9825270247720785E-7
1383293400000	1	112	4.5556937229029915E-6
1383309600000	1	112	2.9825270247720785E-7
1383315600000	1	112	8.723228720780348E-6
1383316200000	1	112	4.361614360390174E-6
1383318000000	1	112	8.723228720780348E-6
1383318600000	1	112	4.361614360390174E-6
1383324600000	1	112	4.5556937229029915E-6
1383327000000	1	112	2.9825270247720785E-7
1383343200000	1	112	4.361614360390174E-6
1383292800000	1	1128	2.760734934085504E-5
1383304200000	1	1128	2.760734934085504E-5
1383312600000	1	1128	8.757500551464694E-6
1383304800000	1	1129	1.6688720339508142E-7
1383313200000	1	1129	1.6688720339508142E-7
1383261000000	1	113	3.917264682498985E-6
1383269400000	1	113	5.279478462358574E-7
1383294000000	1	113	2.0430502388938365E-5
1383294600000	1	113	1.2695541857425806E-5
1383300600000	1	113	5.4840921592601614E-5
1383303000000	1	113	3.689704654598192E-5
1383319200000	1	113	3.272934910518843E-6
1383325800000	1	113	3.4185711517115693E-6
1383327600000	1	113	1.2730105610277595E-5
1383328200000	1	113	2.2263785045525494E-5
1383334200000	1	113	2.868709989621743E-5
1383324600000	1	1133	5.05580798742489E-6
1383292800000	1	114	8.877552684414974E-6
1383295200000	1	114	5.596075927180901E-5
1383301200000	1	114	5.328259421371654E-5
1383301800000	1	114	3.9341777508696594E-5
1383303600000	1	114	3.3239235715518256E-6
1383304200000	1	114	6.873752395263275E-5
1383310200000	1	114	8.125149915236992E-6
1383312600000	1	114	1.9212857348260557E-5
1383326400000	1	114	1.1363143769109344E-5
1383328800000	1	114	1.4382169146393E-5
1383334800000	1	114	5.975152571252294E-6
1383335400000	1	114	3.1205148842877822E-6
1383337800000	1	114	4.918705313269737E-6
1383295200000	1	1142	7.291951333954184E-6
1383301800000	1	1142	2.3869517179682744E-7
1383303600000	1	1142	2.3869517179682744E-7
1383304200000	1	1142	2.3869517179682744E-7
1383310200000	1	1142	3.645975666977092E-6
1383326400000	1	1142	3.729346825303309E-6
1383328800000	1	1142	3.4906516535064814E-6
1383337800000	1	1142	3.4906516535064814E-6
1383304800000	1	1143	9.507923499683205E-8
1383313200000	1	1143	9.507923499683205E-8
1383304800000	1	115	4.798769911622732E-5
1383313200000	1	115	4.798769911622732E-5
1383289800000	1	116	5.7036581551433373E-5
1383295800000	1	116	5.7036581551433373E-5
1383329400000	1	116	3.6770723249352323E-6
1383293400000	1	119	5.862341116058543E-5
1383328800000	1	1198	1.9449065227940932E-4
1383297000000	1	1201	5.7598064866173996E-5
1383299400000	1	1201	1.1390850012582809E-4
1383321600000	1	1201	6.128460318841171E-5
1383333000000	1	1201	3.054048393805137E-6
1383315000000	1	1202	1.0056092479427827E-4
1383340200000	1	1202	4.6649398250341986E-5
1383291000000	1	1203	2.935521259835156E-6
1383293400000	1	1203	2.9854521171625044E-6
1383315600000	1	1203	6.900854894150751E-7
1383318600000	1	1203	5.970904234325009E-6
1383324600000	1	1203	6.900854894150751E-7
1383327000000	1	1203	5.871042519670312E-6
1383269400000	1	1204	2.1579056846867225E-5
1383292200000	1	1204	3.074291622522834E-5
1383294000000	1	1204	4.538311246353066E-5
1383300600000	1	1204	1.767014859932082E-6
1383303000000	1	1204	1.53357098847721E-6
1383316800000	1	1204	9.582783845323061E-5
1383327600000	1	1204	1.4127402790779077E-6
1383304200000	1	1205	4.8015606982207443E-5
1383328800000	1	1205	4.8015606982207443E-5
1383321000000	1	1207	1.352825472760288E-7
1383324000000	1	1208	4.7541331170464333E-5
1383292800000	1	121	5.862341116058543E-5
1383304200000	1	121	5.862341116058543E-5
1383312600000	1	121	1.051848075618392E-4
1383315600000	1	1210	3.1861332272918187E-6
1383324600000	1	1210	3.1861332272918187E-6
1383292200000	1	1211	3.432706309423001E-5
1383294000000	1	1211	8.285578627730415E-5
1383316800000	1	1211	9.767238382213663E-5
1383304200000	1	1212	4.0030251876052284E-5
1383328800000	1	1212	4.0030251876052284E-5
1383321000000	1	1214	5.7437884554418066E-6
1383324000000	1	1215	5.181634116005623E-5
1383333000000	1	1215	9.516164919358299E-7
1383315000000	1	1216	4.418307437069759E-5
1383340200000	1	1216	4.418307437069759E-5
1383293400000	1	1217	4.555251134412543E-7
1383315600000	1	1217	3.3874418168480956E-6
1383318600000	1	1217	9.110502268825086E-7
1383324600000	1	1217	3.3874418168480956E-6
1383292200000	1	1218	2.4503031199538032E-5
1383316800000	1	1218	8.610494914676661E-5
1383304200000	1	1219	2.0028667745368743E-6
1383328800000	1	1219	2.0028667745368743E-6
1383324000000	1	1229	1.914961357312933E-6
1383289800000	1	123	5.6997235032626475E-5
1383295800000	1	123	5.6997235032626475E-5
1383293400000	1	126	1.0296217800184607E-5
1383297000000	1	1264	4.868796287012171E-6
1383312600000	1	128	1.847572960072794E-6
1383328800000	1	1296	2.199160555438331E-5
1383269400000	1	13	1.5838402139460725E-6
1383300600000	1	13	1.217854808176868E-6
1383303000000	1	13	2.4883982568824317E-5
1383325800000	1	13	1.217854808176868E-6
1383327600000	1	13	1.0369104088948301E-7
1383291000000	1	1301	3.6865383222377156E-6
1383293400000	1	1301	3.054048393805137E-6
1383318600000	1	1301	6.108096787610274E-6
1383327000000	1	1301	7.373076644475431E-6
1383269400000	1	1302	4.3541426514880585E-5
1383294000000	1	1302	9.849349838721541E-6
1383300600000	1	1302	3.109887994234644E-5
1383303000000	1	1302	4.9771560432564065E-6
1383316800000	1	1302	4.1923618471594486E-5
1383327600000	1	1302	2.8505753278560376E-6
1383295200000	1	1303	9.570502630802646E-6
1383301800000	1	1303	2.751123831691726E-7
1383303600000	1	1303	2.751123831691726E-7
1383304200000	1	1303	4.815566678615339E-5
1383310200000	1	1303	4.202234369334709E-6
1383312600000	1	1303	1.1660338921332278E-6
1383326400000	1	1303	5.464359178942477E-6
1383328800000	1	1303	5.190376730662429E-5
1383337800000	1	1303	4.023212903640076E-6
1383321000000	1	1305	5.7437884554418066E-6
1383324000000	1	1306	4.0655461188005906E-5
1383315600000	1	1308	3.2127112982663053E-6
1383324600000	1	1308	3.2127112982663053E-6
1383292200000	1	1309	3.480730259297038E-5
1383294000000	1	1309	8.399652376062793E-5
1383316800000	1	1309	9.90751450071431E-5
1383304200000	1	1310	4.30342402377612E-5
1383328800000	1	1310	4.30342402377612E-5
1383321000000	1	1312	5.7437884554418066E-6
1383324000000	1	1313	5.181634116005623E-5
1383315600000	1	1315	3.3874418168480956E-6
1383324600000	1	1315	3.3874418168480956E-6
1383269400000	1	1316	2.1962599151911737E-5
1383292200000	1	1316	3.480730259297038E-5
1383294000000	1	1316	3.012397163961545E-6
1383303000000	1	1316	1.4378500726574835E-6
1383316800000	1	1316	9.90751450071431E-5
1383327600000	1	1316	1.4378500726574835E-6
1383304200000	1	1317	5.174185277631569E-5
1383328800000	1	1317	5.174185277631569E-5
1383298200000	1	1319	1.3018704308888837E-5
1383324000000	1	1327	5.312547010197667E-6
1383291000000	1	1329	1.6688720335408794E-7
1383293400000	1	1329	1.3825479374674436E-7
1383318600000	1	1329	2.765095874934887E-7
1383327000000	1	1329	3.3377440670817587E-7
1383311400000	1	1346	3.2871423613213405E-4
1383297000000	1	1362	1.6449209408755125E-4
1383295200000	1	14	5.887069389504902E-5
1383301200000	1	14	5.870934794887368E-5
1383301800000	1	14	6.315733896062651E-5
1383304200000	1	14	5.870934794887368E-5
1383328800000	1	14	3.843590625593764E-6
1383295200000	1	1401	6.141487295046203E-5
1383301800000	1	1401	1.927410462004406E-6
1383303600000	1	1401	1.927410462004406E-6
1383304200000	1	1401	2.6617384308162075E-5
1383310200000	1	1401	2.9440443188882883E-5
1383312600000	1	1401	2.5339865726962634E-6
1383326400000	1	1401	3.2647633335735026E-5
1383328800000	1	1401	5.2876210147192033E-5
1383337800000	1	1401	2.818623630103436E-5
1383286200000	1	1402	1.9547051747244166E-7
1383302400000	1	1402	2.9857359281760524E-6
1383304800000	1	1402	4.4438592539594306E-8
1383313200000	1	1402	4.4438592539594306E-8
1383336000000	1	1402	1.9547051747244166E-7
1383321000000	1	1403	5.228578733881745E-6
1383324000000	1	1404	5.165246336152367E-5
1383315600000	1	1406	2.6405821228914187E-6
1383324600000	1	1406	2.6405821228914187E-6
1383292200000	1	1407	2.612741033973737E-5
1383294000000	1	1407	6.704739959520236E-5
1383316800000	1	1407	8.335904452911842E-5
1383304200000	1	1408	5.174185277631569E-5
1383328800000	1	1408	5.174185277631569E-5
1383303000000	1	141	1.6188128045747506E-4
1383321000000	1	1410	5.7437884554418066E-6
1383324000000	1	1411	5.012237650618395E-5
1383315600000	1	1413	3.3874418168480956E-6
1383324600000	1	1413	3.3874418168480956E-6
1383292200000	1	1414	2.9466190713328866E-5
1383294000000	1	1414	7.011751911847163E-5
1383316800000	1	1414	8.554227639654186E-5
1383304200000	1	1415	5.145849958950456E-5
1383328800000	1	1415	5.145849958950456E-5
1383298200000	1	1417	4.6738332882494924E-5
1383299400000	1	1418	5.655980863891357E-5
1383324000000	1	1418	4.803392431370526E-6
1383318600000	1	1420	2.3920184675449752E-5
1383324000000	1	1425	3.961606471759816E-6
1383311400000	1	1444	7.952092057332583E-4
1383297000000	1	1460	1.1659487422686297E-4
1383299400000	1	1460	3.490297401083459E-6
1383328800000	1	1499	9.054241905257385E-8
1383304800000	1	15	6.228496878651848E-5
1383313200000	1	15	6.228496878651848E-5
1383287400000	1	1501	3.9248031380143383E-7
1383312000000	1	1501	1.9624015690071692E-7
1383321000000	1	1501	5.374717045182956E-6
1383324000000	1	1502	5.181634116005623E-5
1383315600000	1	1504	3.254072368113488E-6
1383318600000	1	1504	4.592920462833018E-6
1383324600000	1	1504	3.254072368113488E-6
1383292200000	1	1505	3.480730259297038E-5
1383294000000	1	1505	8.399652376062793E-5
1383316800000	1	1505	9.90751450071431E-5
1383304200000	1	1506	5.039624860449681E-5
1383328800000	1	1506	5.039624860449681E-5
1383321000000	1	1508	5.7437884554418066E-6
1383324000000	1	1509	5.181634116005623E-5
1383315600000	1	1511	3.3433947292811225E-6
1383324600000	1	1511	3.3433947292811225E-6
1383292200000	1	1512	3.480730259297038E-5
1383294000000	1	1512	8.399652376062793E-5
1383316800000	1	1512	9.90751450071431E-5
1383304200000	1	1513	5.174185277631569E-5
1383328800000	1	1513	5.174185277631569E-5
1383298200000	1	1515	2.437693508675376E-5
1383321000000	1	1515	4.499960857168643E-6
1383299400000	1	1516	4.8024476961199424E-5
1383324000000	1	1516	1.189802588581655E-5
1383318600000	1	1518	1.1665528338665877E-4
1383292200000	1	1519	1.8349145924842942E-5
1383324000000	1	1523	6.863686040688708E-6
1383324000000	1	1530	6.863686040688708E-6
1383260400000	1	155	2.134019939307235E-4
1383314400000	1	1550	7.14770693862702E-8
1383297000000	1	1565	1.0454876656015966E-4
1383289800000	1	16	3.080537871934064E-5
1383295800000	1	16	3.080537871934064E-5
1383329400000	1	16	6.446118514167874E-5
1383315600000	1	1602	3.3874418168480956E-6
1383324600000	1	1602	3.3874418168480956E-6
1383292200000	1	1603	3.480730259297038E-5
1383294000000	1	1603	8.399652376062793E-5
1383316800000	1	1603	9.90751450071431E-5
1383304200000	1	1604	5.174185277631569E-5
1383328800000	1	1604	5.174185277631569E-5
1383321000000	1	1606	5.605604129942094E-6
1383324000000	1	1607	5.137875312736517E-5
1383315600000	1	1609	3.3874418168480956E-6
1383324600000	1	1609	3.3874418168480956E-6
1383292200000	1	1610	3.480730259297038E-5
1383294000000	1	1610	5.4421865354464477E-5
1383316800000	1	1610	9.90751450071431E-5
1383304200000	1	1611	5.1477726790199816E-5
1383312600000	1	1611	7.057907993632226E-6
1383328800000	1	1611	5.1477726790199816E-5
1383321000000	1	1613	3.6630981783800528E-6
1383299400000	1	1614	1.0279043053810733E-5
1383321600000	1	1614	4.647126177420687E-6
1383324000000	1	1614	4.3272321374666084E-5
1383318600000	1	1616	1.1665528338665877E-4
1383292200000	1	1617	3.480730259297038E-5
1383298200000	1	1620	6.770539316758352E-5
1383324000000	1	1621	4.933022351627787E-6
1383324000000	1	1628	4.975291962923056E-6
1383330000000	1	1628	4.890972420138868E-7
1383311400000	1	1633	2.505787292649854E-5
1383297000000	1	1663	1.6449209408755125E-4
1383292200000	1	1701	1.4520680683144002E-5
1383294000000	1	1701	6.851410107679719E-5
1383316800000	1	1701	9.18949288685856E-5
1383304200000	1	1702	5.174185277631569E-5
1383328800000	1	1702	5.174185277631569E-5
1383321000000	1	1704	5.7437884554418066E-6
1383324000000	1	1705	5.117584081069775E-5
1383315600000	1	1707	3.3874418168480956E-6
1383324600000	1	1707	3.3874418168480956E-6
1383292200000	1	1708	3.480730259297038E-5
1383294000000	1	1708	8.399652376062793E-5
1383316800000	1	1708	9.90751450071431E-5
1383304200000	1	1709	5.174185277631569E-5
1383312600000	1	1709	4.84563535739312E-6
1383328800000	1	1709	5.174185277631569E-5
1383321600000	1	1712	1.9005625024674135E-4
1383324000000	1	1712	5.181634116005623E-5
1383315600000	1	1714	3.877552853969354E-7
1383318600000	1	1714	1.0330193146259741E-4
1383324600000	1	1714	3.877552853969354E-7
1383292200000	1	1715	3.480730259297038E-5
1383289800000	1	1718	2.728416913049756E-5
1383298200000	1	1718	9.24472282621444E-5
1383299400000	1	1719	5.959710456384813E-5
1383324000000	1	1719	2.2787686564846798E-6
1383324000000	1	1726	6.863686040688708E-6
1383300000000	1	1727	3.1097531891554943E-6
1383314400000	1	1753	5.2146925894331466E-5
1383297000000	1	1761	1.6449209408755125E-4
1383321000000	1	1802	5.65564383628936E-6
1383324000000	1	1803	5.022832245015429E-5
1383315600000	1	1805	3.3874418168480956E-6
1383324600000	1	1805	3.3874418168480956E-6
1383292200000	1	1806	3.276831236589356E-5
1383294000000	1	1806	8.399652376062793E-5
1383316800000	1	1806	9.90751450071431E-5
1383304200000	1	1807	5.174185277631569E-5
1383312600000	1	1807	4.1183297367612593E-7
1383328800000	1	1807	5.174185277631569E-5
1383321000000	1	1809	7.439393217703303E-7
1383321600000	1	1810	1.9005625024674135E-4
1383324000000	1	1810	5.181634116005623E-5
1383315600000	1	1812	1.5517917152385594E-6
1383324600000	1	1812	1.5517917152385594E-6
1383292200000	1	1813	3.480730259297038E-5
1383316800000	1	1813	3.873448903125614E-6
1383319200000	1	1813	3.916772886288349E-6
1383295200000	1	1814	6.997116557045438E-6
1383301200000	1	1814	6.699028932323838E-6
1383301800000	1	1814	6.699028932323838E-6
1383312600000	1	1814	4.749158647794282E-6
1383298200000	1	1816	1.1919420912769626E-4
1383299400000	1	1817	5.959710456384813E-5
1383324000000	1	1817	2.2787686564846798E-6
1383318600000	1	1819	1.1665528338665877E-4
1383292200000	1	1820	3.24076210476206E-5
1383297000000	1	1824	2.6074271103872216E-6
1383299400000	1	1824	5.15656406203425E-6
1383321600000	1	1824	2.7743143137545204E-6
1383324000000	1	1824	5.204201820500841E-6
1383297000000	1	1859	1.6449209408755125E-4
1383297000000	1	1866	5.89923839225954E-6
1383316200000	1	1875	4.1490422216248115E-6
1383316200000	1	1882	1.3370749304370119E-5
1383293400000	1	19	5.862341116058543E-5
1383315600000	1	1903	3.2814885025562375E-6
1383324600000	1	1903	3.2814885025562375E-6
1383294000000	1	1904	8.399652376062793E-5
1383316800000	1	1904	9.90751450071431E-5
1383304200000	1	1905	5.174185277631569E-5
1383328800000	1	1905	5.174185277631569E-5
1383321000000	1	1907	2.2465520378138117E-6
1383321600000	1	1908	8.256421276979158E-5
1383324000000	1	1908	5.0295313171681945E-5
1383333000000	1	1908	4.7038496872121314E-5
1383315600000	1	1910	1.8906892441642487E-6
1383324600000	1	1910	1.8906892441642487E-6
1383292200000	1	1911	3.480730259297038E-5
1383316800000	1	1911	8.653685363565742E-6
1383319200000	1	1911	7.01940819924076E-6
1383295200000	1	1912	1.1747997172599797E-4
1383301200000	1	1912	1.1247514931970228E-4
1383301800000	1	1912	1.1247514931970228E-4
1383312600000	1	1912	1.299628659827328E-5
1383298200000	1	1914	1.0537539308839773E-4
1383321000000	1	1914	8.611498495994198E-6
1383331800000	1	1914	8.611498495994198E-6
1383299400000	1	1915	5.959710456384813E-5
1383324000000	1	1915	2.2787686564846798E-6
1383318600000	1	1917	1.1665528338665877E-4
1383292200000	1	1918	3.480730259297038E-5
1383324000000	1	1929	6.365254028144469E-6
1383327000000	1	1945	1.500308632443779E-5
1383297000000	1	1964	1.6449209408755125E-4
1383316200000	1	1980	1.5611688373349547E-5
1383291000000	1	2	5.120847015171817E-6
1383293400000	1	2	2.9256720078954903E-4
1383309600000	1	2	4.953959811773239E-6
1383315600000	1	2	2.894905793318915E-4
1383316200000	1	2	2.2198832787555752E-4
1383318000000	1	2	3.6500681607469466E-4
1383318600000	1	2	7.244615749115356E-5
1383324600000	1	2	1.5118604100797565E-4
1383327000000	1	2	7.758686639336258E-5
1383343200000	1	2	2.2347863097675993E-4
1383292200000	1	2002	1.5757040558469573E-6
1383304200000	1	2003	2.7344295232328793E-5
1383328800000	1	2003	2.7344295232328793E-5
1383321000000	1	2005	5.7437884554418066E-6
1383324000000	1	2006	4.953757250357155E-5
1383315600000	1	2008	1.2021598753822697E-6
1383324600000	1	2008	1.2021598753822697E-6
1383292200000	1	2009	3.072387547134148E-5
1383316800000	1	2009	1.3054177259699718E-6
1383319200000	1	2009	7.589853426611294E-6
1383265800000	1	201	7.545711857383244E-5
1383296400000	1	201	1.4600757721495663E-4
1383297000000	1	201	2.2307101462110793E-4
1383298800000	1	201	1.5081242285504116E-4
1383299400000	1	201	1.574430379593657E-4
1383305400000	1	201	1.5257423635864389E-4
1383307800000	1	201	1.4922216326059874E-4
1383321600000	1	201	4.5776984823339825E-4
1383324000000	1	201	7.545711857383244E-5
1383330000000	1	201	2.3141550270660858E-4
1383330600000	1	201	8.198741384772517E-5
1383332400000	1	201	1.4922216326059874E-4
1383333000000	1	201	7.545711857383244E-5
1383341400000	1	201	7.376504468676631E-5
1383295200000	1	2010	1.1747997172599797E-4
1383301200000	1	2010	1.1247514931970228E-4
1383301800000	1	2010	1.1247514931970228E-4
1383312600000	1	2010	1.299628659827328E-5
1383321000000	1	2012	1.1247514931970228E-4
1383331800000	1	2012	1.1247514931970228E-4
1383297000000	1	2013	1.1186968120056511E-4
1383299400000	1	2013	3.208188388683838E-7
1383305400000	1	2013	7.649790189233393E-6
1383321600000	1	2013	1.9005625024674135E-4
1383324000000	1	2013	9.922704335578463E-6
1383318600000	1	2015	1.1665528338665877E-4
1383292200000	1	2016	3.480730259297038E-5
1383298200000	1	2019	1.1222115268693061E-4
1383297600000	1	202	1.452344772067928E-4
1383300000000	1	202	2.9799373432917736E-4
1383306000000	1	202	2.2151475796571143E-4
1383306600000	1	202	7.322085764849749E-5
1383308400000	1	202	7.647897636346589E-5
1383309000000	1	202	2.151972161403219E-4
1383315000000	1	202	7.322085764849749E-5
1383317400000	1	202	7.322085764849749E-5
1383331200000	1	202	7.322085764849749E-5
1383339600000	1	202	7.647897636346589E-5
1383342000000	1	202	7.181492395374807E-5
1383342600000	1	202	7.322085764849749E-5
1383299400000	1	2020	3.5463307969364633E-6
1383324000000	1	2020	1.9008765715046297E-6
1383324000000	1	2027	6.863686040688708E-6
1383291000000	1	203	5.188855962221371E-6
1383293400000	1	203	2.961551478869015E-4
1383309600000	1	203	5.188855962221371E-6
1383315600000	1	203	2.963607697072712E-4
1383316200000	1	203	2.2542342306324732E-4
1383318000000	1	203	3.7187700645007437E-4
1383318600000	1	203	7.588125267884338E-5
1383324600000	1	203	1.547739881053281E-4
1383327000000	1	203	7.748798813701356E-5
1383343200000	1	203	2.2691372616444978E-4
1383261000000	1	204	7.748798813701356E-5
1383294000000	1	204	1.600829100761879E-4
1383294600000	1	204	1.481803848536356E-4
1383300600000	1	204	3.8615926076158004E-4
1383303000000	1	204	2.2925049349470033E-4
1383319200000	1	204	7.22991321747922E-5
1383325800000	1	204	7.551623674280319E-5
1383327600000	1	204	1.481803848536356E-4
1383328200000	1	204	2.2727874210048997E-4
1383334200000	1	204	2.310202567202117E-4
1383292800000	1	205	1.5650078957213669E-4
1383295200000	1	205	1.5336924081585694E-4
1383301800000	1	205	7.551623674280319E-5
1383303600000	1	205	1.5139748942164658E-4
1383304200000	1	205	3.1501629229718656E-4
1383310200000	1	205	7.588125267884338E-5
1383312600000	1	205	7.22991321747922E-5
1383326400000	1	205	2.997372683909527E-4
1383328800000	1	205	2.2900554356729852E-4
1383334800000	1	205	3.7187700645007437E-4
1383335400000	1	205	7.925775136252494E-5
1383343800000	1	205	7.551623674280319E-5
1383302400000	1	206	2.2406163753247897E-4
1383304800000	1	206	3.886033716988079E-4
1383310800000	1	206	7.588125267884338E-5
1383311400000	1	206	2.2369662159643877E-4
1383313200000	1	206	2.2727874210048997E-4
1383313800000	1	206	7.22991321747922E-5
1383319800000	1	206	3.102780080827366E-4
1383322200000	1	206	2.2542342306324732E-4
1383297000000	1	2062	1.6449209408755125E-4
1383278400000	1	207	7.588125267884338E-5
1383289200000	1	207	7.588125267884338E-5
1383295800000	1	207	2.306552407841715E-4
1383298200000	1	207	2.2385601571210933E-4
1383312000000	1	207	2.9884784240320175E-4
1383314400000	1	207	7.588125267884338E-5
1383320400000	1	207	2.389756455026726E-4
1383321000000	1	207	4.438111226888263E-4
1383322800000	1	207	7.748798813701356E-5
1383323400000	1	207	2.2369662159643877E-4
1383329400000	1	207	8.082515871366294E-5
1383331800000	1	207	5.188855962221371E-6
1383316200000	1	2078	1.5611688373349547E-5
1383265800000	1	208	7.551623674280319E-5
1383296400000	1	208	1.481803848536356E-4
1383297000000	1	208	2.2369662159643877E-4
1383298800000	1	208	1.551390040413683E-4
1383299400000	1	208	1.5658634538386794E-4
1383305400000	1	208	1.5695136131990814E-4
1383307800000	1	208	1.5139748942164658E-4
1383321600000	1	208	4.6291721702651316E-4
1383324000000	1	208	7.551623674280319E-5
1383330000000	1	208	2.3173756619063093E-4
1383330600000	1	208	8.420165739734449E-5
1383332400000	1	208	1.5139748942164658E-4
1383333000000	1	208	7.551623674280319E-5
1383341400000	1	208	7.588125267884338E-5
1383297600000	1	209	1.5155688353731713E-4
1383300000000	1	209	3.099129921466964E-4
1383306000000	1	209	2.306552407841715E-4
1383306600000	1	209	7.588125267884338E-5
1383308400000	1	209	7.925775136252494E-5
1383309000000	1	209	2.2406163753247897E-4
1383315000000	1	209	7.588125267884338E-5
1383317400000	1	209	7.588125267884338E-5
1383331200000	1	209	7.588125267884338E-5
1383339600000	1	209	7.925775136252494E-5
1383342000000	1	209	7.551623674280319E-5
1383342600000	1	209	7.588125267884338E-5
1383292800000	1	21	5.862341116058543E-5
1383304200000	1	21	5.862341116058543E-5
1383312600000	1	21	1.051848075618392E-4
1383291000000	1	210	5.188855962221371E-6
1383293400000	1	210	2.1114610380683254E-4
1383309600000	1	210	5.188855962221371E-6
1383315600000	1	210	2.3968807365389185E-4
1383316200000	1	210	1.6681305171834158E-4
1383318000000	1	210	2.8560707593976414E-4
1383318600000	1	210	7.588125267884338E-5
1383324600000	1	210	1.2517675364839722E-4
1383327000000	1	210	4.91516401103239E-5
1383343200000	1	210	1.6771925725058798E-4
1383321000000	1	2103	2.8045685895535514E-8
1383324000000	1	2104	3.6082143019578E-5
1383315600000	1	2106	1.3877101061200704E-6
1383324600000	1	2106	1.3877101061200704E-6
1383292200000	1	2107	6.511185711494138E-6
1383294000000	1	2107	4.12833287632785E-6
1383316800000	1	2107	4.53595076636779E-6
1383319200000	1	2107	7.339067493702524E-6
1383295200000	1	2108	1.1747997172599797E-4
1383301200000	1	2108	1.1247514931970228E-4
1383301800000	1	2108	1.1247514931970228E-4
1383312600000	1	2108	9.429678942228243E-6
1383261000000	1	211	4.950889806511678E-6
1383294000000	1	211	1.480241732075307E-4
1383294600000	1	211	7.240126207554096E-5
1383300600000	1	211	3.684496084906023E-4
1383303000000	1	211	2.11812313681521E-4
1383327600000	1	211	7.240126207554096E-5
1383328200000	1	211	1.448025241510819E-4
1383334200000	1	211	2.2042543528307164E-4
1383321000000	1	2110	1.1247514931970228E-4
1383331800000	1	2110	1.1247514931970228E-4
1383297000000	1	2111	1.1247514931970228E-4
1383305400000	1	2111	7.691192864453012E-6
1383321600000	1	2111	1.9005625024674135E-4
1383324000000	1	2111	9.714138637986644E-6
1383318600000	1	2113	2.231221771042499E-5
1383292200000	1	2114	3.480730259297038E-5
1383298200000	1	2117	1.0570288016745355E-4
1383299400000	1	2118	5.224470814395462E-5
1383324000000	1	2118	2.14324459841813E-6
1383292800000	1	212	3.996867403358619E-5
1383295200000	1	212	6.816087355574209E-5
1383301800000	1	212	2.7278250841388695E-5
1383303600000	1	212	3.826594877400091E-5
1383304200000	1	212	1.1990602210075856E-4
1383310200000	1	212	3.826594877400091E-5
1383326400000	1	212	7.82346228075871E-5
1383328800000	1	212	7.653189754800183E-5
1383334800000	1	212	7.653189754800183E-5
1383335400000	1	212	3.996867403358619E-5
1383292200000	1	2121	2.6690636683016323E-5
1383324000000	1	2125	1.8267622016598349E-6
1383286200000	1	213	1.5340968726116405E-6
1383302400000	1	213	6.262626139229699E-5
1383304800000	1	213	5.052865525735273E-5
1383310800000	1	213	1.9596764951874904E-5
1383311400000	1	213	1.9596764951874904E-5
1383313200000	1	213	4.8316603718936194E-5
1383319800000	1	213	8.013105977398597E-5
1383322200000	1	213	1.9596764951874904E-5
1383336000000	1	213	1.5340968726116405E-6
1383287400000	1	214	4.987792802712836E-7
1383289800000	1	214	2.4075752006047713E-5
1383295800000	1	214	2.4075752006047713E-5
1383298200000	1	214	2.0850740003687635E-5
1383312000000	1	214	2.493896401356418E-7
1383320400000	1	214	2.0850740003687635E-5
1383322800000	1	214	1.4257999540778184E-6
1383329400000	1	214	1.7061925754793677E-5
1383331800000	1	214	1.4257999540778184E-6
1383288000000	1	215	1.5930744554493575E-5
1383297000000	1	2160	2.6030902412590867E-5
1383293400000	1	217	5.862341116058543E-5
1383316200000	1	2176	1.283952356276028E-5
1383292800000	1	219	5.862341116058543E-5
1383304200000	1	219	5.862341116058543E-5
1383312600000	1	219	1.051848075618392E-4
1383315600000	1	2204	1.0868526105636715E-7
1383324600000	1	2204	1.0868526105636715E-7
1383316800000	1	2205	2.0315562211093436E-6
1383319200000	1	2205	7.533483373233952E-6
1383295200000	1	2206	1.1747997172599797E-4
1383301200000	1	2206	1.1247514931970228E-4
1383301800000	1	2206	1.1247514931970228E-4
1383321000000	1	2208	1.1247514931970228E-4
1383331800000	1	2208	1.1247514931970228E-4
1383297000000	1	2209	1.1247514931970228E-4
1383305400000	1	2209	7.691192864453012E-6
1383321600000	1	2209	1.9005625024674135E-4
1383324000000	1	2209	7.805697012741978E-6
1383289800000	1	221	5.1765328455760735E-5
1383295800000	1	221	5.1765328455760735E-5
1383292200000	1	2212	3.480730259297038E-5
1383319200000	1	2212	7.691192864453012E-6
1383295200000	1	2213	5.9309921461786313E-5
1383301200000	1	2213	5.678323015018212E-5
1383301800000	1	2213	5.678323015018212E-5
1383312600000	1	2213	9.18519332716282E-6
1383298200000	1	2215	1.1919420912769626E-4
1383299400000	1	2216	5.959710456384813E-5
1383324000000	1	2216	2.2787686564846798E-6
1383318600000	1	2218	1.1446773939506128E-4
1383292200000	1	2219	3.480730259297038E-5
1383324000000	1	2223	3.991070251597389E-8
1383293400000	1	224	8.938737075088328E-6
1383327000000	1	2246	0.0011841446477944266
1383325200000	1	2247	0.0012771987058658515
1383312600000	1	226	7.66683659933135E-5
1383316200000	1	2281	1.0823555513470157E-5
1383289800000	1	23	5.862341116058543E-5
1383295800000	1	23	5.862341116058543E-5
1383295200000	1	2304	6.709000538717994E-5
1383301200000	1	2304	6.423187087057151E-5
1383301800000	1	2304	6.423187087057151E-5
1383321000000	1	2306	1.1247514931970228E-4
1383331800000	1	2306	1.1247514931970228E-4
1383297000000	1	2307	1.1247514931970228E-4
1383305400000	1	2307	7.691192864453012E-6
1383324000000	1	2307	7.691192864453012E-6
1383292200000	1	2310	4.72711216686032E-6
1383319200000	1	2310	7.691192864453012E-6
1383295200000	1	2311	1.1747997172599797E-4
1383301200000	1	2311	1.1247514931970228E-4
1383301800000	1	2311	1.1247514931970228E-4
1383312600000	1	2311	1.299628659827328E-5
1383298200000	1	2313	1.0415093912297041E-4
1383321000000	1	2313	1.4195270495276011E-5
1383331800000	1	2313	1.4195270495276011E-5
1383299400000	1	2314	5.959710456384813E-5
1383324000000	1	2314	2.2787686564846798E-6
1383318600000	1	2316	1.1665528338665877E-4
1383292200000	1	2317	3.480730259297038E-5
1383324000000	1	2321	2.2787686564846798E-6
1383314400000	1	2348	0.0013923060150639482
1383329400000	1	2348	0.0013923060150639482
1383316200000	1	2379	1.5611688373349547E-5
1383321000000	1	2404	7.136021894891902E-5
1383331800000	1	2404	7.136021894891902E-5
1383297000000	1	2405	1.1247514931970228E-4
1383305400000	1	2405	7.691192864453012E-6
1383324000000	1	2405	7.691192864453012E-6
1383292200000	1	2408	2.085289665306206E-5
1383319200000	1	2408	7.691192864453012E-6
1383295200000	1	2409	1.127150020039186E-4
1383301200000	1	2409	1.0791317443052945E-4
1383301800000	1	2409	1.0791317443052945E-4
1383312600000	1	2409	1.279196251133239E-5
1383326400000	1	2409	5.410876984943865E-6
1383311400000	1	2410	8.787214995768661E-6
1383298200000	1	2411	2.7691573181947647E-4
1383321000000	1	2411	1.0610651211995878E-4
1383331800000	1	2411	1.0610651211995878E-4
1383297000000	1	2412	5.33617811379687E-5
1383299400000	1	2412	3.5577748158829517E-4
1383305400000	1	2412	3.648946036570903E-6
1383321600000	1	2412	1.345487260834154E-5
1383324000000	1	2412	3.697797245465595E-6
1383306000000	1	2413	1.887805051770239E-6
1383315000000	1	2413	1.887805051770239E-6
1383318600000	1	2414	1.060934650631462E-4
1383292200000	1	2415	2.4107022837163785E-5
1383298200000	1	2418	1.1919420912769626E-4
1383299400000	1	2419	2.8125648081224614E-5
1383324000000	1	2419	2.2787686564846798E-6
1383292200000	1	2422	3.480730259297038E-5
1383301800000	1	2423	5.939346715369461E-4
1383296400000	1	2440	5.986462344891633E-4
1383303000000	1	246	1.1290173411448379E-5
1383317400000	1	2476	6.165442065566308E-4
1383316200000	1	2477	1.3065224771862412E-6
1383297000000	1	2503	2.2638077445497743E-6
1383305400000	1	2503	1.5480203473110424E-7
1383324000000	1	2503	1.5480203473110424E-7
1383319200000	1	2506	7.691192864453012E-6
1383295200000	1	2507	1.1747997172599797E-4
1383301200000	1	2507	1.1247514931970228E-4
1383301800000	1	2507	1.1247514931970228E-4
1383312600000	1	2507	7.269402090163172E-7
1383311400000	1	2508	3.5645238310252476E-6
1383298200000	1	2509	2.928504569247589E-4
1383321000000	1	2509	1.0961630812712631E-4
1383331800000	1	2509	1.0961630812712631E-4
1383297000000	1	2510	9.089393995849395E-5
1383299400000	1	2510	3.4048254937444147E-4
1383305400000	1	2510	6.215442492489589E-6
1383324000000	1	2510	6.515479183616454E-6
1383306000000	1	2511	2.3534474045917584E-5
1383315000000	1	2511	2.3534474045917584E-5
1383318600000	1	2512	1.049902407092241E-4
1383292200000	1	2513	1.1271734976009975E-5
1383294600000	1	2513	9.28923104850455E-5
1383298200000	1	2516	1.1919420912769626E-4
1383299400000	1	2517	5.959710456384813E-5
1383324000000	1	2517	2.223395537442519E-6
1383318600000	1	2519	3.181710119951792E-5
1383292200000	1	2520	3.480730259297038E-5
1383260400000	1	253	2.1801232976053622E-4
1383289800000	1	2530	1.4447799209672149E-4
1383296400000	1	2538	5.986462344891633E-4
1383297600000	1	2539	9.879065829520588E-6
1383317400000	1	2574	6.273276921570337E-4
1383313200000	1	2592	5.601423566306506E-5
1383293400000	1	26	5.862341116058543E-5
1383319200000	1	2604	7.691192864453012E-6
1383295200000	1	2605	1.1747997172599797E-4
1383301200000	1	2605	1.1247514931970228E-4
1383301800000	1	2605	1.1247514931970228E-4
1383321000000	1	2607	1.1247514931970228E-4
1383331800000	1	2607	1.1247514931970228E-4
1383297000000	1	2608	1.1247514931970228E-4
1383299400000	1	2608	2.4373971166803449E-4
1383305400000	1	2608	7.691192864453012E-6
1383324000000	1	2608	8.177758115710787E-6
1383306000000	1	2609	2.1291801511826913E-5
1383315000000	1	2609	2.1291801511826913E-5
1383318600000	1	2610	6.2142239681661975E-6
1383294600000	1	2611	3.4416553181357425E-4
1383319200000	1	2611	1.0885408305256912E-6
1383295200000	1	2612	5.3182422692829286E-6
1383301200000	1	2612	5.091677198825682E-6
1383301800000	1	2612	5.091677198825682E-6
1383326400000	1	2612	3.4416553181357425E-4
1383311400000	1	2613	6.352093594775827E-6
1383298200000	1	2614	1.1919420912769626E-4
1383299400000	1	2615	5.959710456384813E-5
1383324000000	1	2615	5.517936721289246E-7
1383318600000	1	2617	1.1665528338665877E-4
1383292200000	1	2618	3.480730259297038E-5
1383324000000	1	2622	2.2787686564846798E-6
1383301800000	1	2626	6.359321591263474E-4
1383330000000	1	2629	8.319797095735272E-5
1383319800000	1	2634	1.4853595642862465E-4
1383324000000	1	2636	6.863686040688708E-6
1383317400000	1	2672	1.4751222163508402E-4
1383313200000	1	2690	5.332285383333808E-4
1383295200000	1	2703	6.288859399579106E-5
1383301200000	1	2703	6.020944588478658E-5
1383301800000	1	2703	6.020944588478658E-5
1383312600000	1	2703	2.566120959710244E-6
1383321000000	1	2705	1.0229179492246596E-4
1383331800000	1	2705	1.0229179492246596E-4
1383297000000	1	2706	1.1247514931970228E-4
1383305400000	1	2706	7.691192864453012E-6
1383324000000	1	2706	7.691192864453012E-6
1383306000000	1	2707	3.3504006073056873E-6
1383315000000	1	2707	3.3504006073056873E-6
1383294600000	1	2709	3.2858538098420404E-4
1383319200000	1	2709	7.367739774988692E-6
1383295200000	1	2710	5.179116247361859E-5
1383301200000	1	2710	4.958478153406049E-5
1383301800000	1	2710	4.958478153406049E-5
1383326400000	1	2710	3.4416553181357425E-4
1383311400000	1	2711	2.35009757949542E-5
1383298200000	1	2712	3.227252173525539E-4
1383299400000	1	2713	8.127307869116854E-5
1383324000000	1	2713	1.031583819162418E-7
1383318600000	1	2715	1.1665528338665877E-4
1383292200000	1	2716	6.759090902626763E-6
1383298200000	1	2719	1.7700032511970618E-6
1383324000000	1	2720	2.2787686564846798E-6
1383292200000	1	2723	8.567585804464346E-6
1383330000000	1	2727	4.391609895132017E-6
1383319800000	1	2732	4.811084556394712E-4
1383289800000	1	2733	4.60612516261322E-4
1383324000000	1	2734	5.3179029393660725E-6
1383324600000	1	2736	0.0018745438943968975
1383328200000	1	2737	3.1503846718750925E-6
1383297600000	1	2742	3.8282745443244336E-4
1383313200000	1	2788	4.936612150974883E-4
1383292800000	1	28	9.437182552271662E-6
1383304200000	1	28	9.437182552271662E-6
1383312600000	1	28	7.922814114226179E-5
1383321000000	1	2803	3.6187665937924465E-5
1383331800000	1	2803	3.6187665937924465E-5
1383297000000	1	2804	1.075936403732643E-4
1383305400000	1	2804	7.357389113102661E-6
1383324000000	1	2804	7.357389113102661E-6
1383294600000	1	2807	3.078239892983207E-4
1383319200000	1	2807	7.691192864453012E-6
1383295200000	1	2808	1.157612052441841E-4
1383301200000	1	2808	1.1082960485925077E-4
1383301800000	1	2808	1.1082960485925077E-4
1383326400000	1	2808	3.4416553181357425E-4
1383311400000	1	2809	2.3534474045917584E-5
1383298200000	1	2810	4.665744271412551E-4
1383321000000	1	2810	9.53352676249034E-7
1383331800000	1	2810	9.53352676249034E-7
1383299400000	1	2811	2.974512701627622E-4
1383306000000	1	2812	2.4584452190905193E-6
1383315000000	1	2812	2.4584452190905193E-6
1383318600000	1	2813	1.1665528338665877E-4
1383298200000	1	2817	1.1919420912769626E-4
1383299400000	1	2818	4.482578738718842E-5
1383324000000	1	2818	1.0459339518809937E-6
1383292200000	1	2821	3.480730259297038E-5
1383319800000	1	2830	4.637911974532277E-4
1383289800000	1	2831	4.60612516261322E-4
1383330000000	1	2832	2.827441212048901E-5
1383328200000	1	2835	9.938260260843085E-5
1383297600000	1	2840	3.9743741987455916E-4
1383299400000	1	2902	5.395844686744856E-6
1383319200000	1	2905	5.264132292071953E-6
1383295200000	1	2906	1.1747997172599797E-4
1383301200000	1	2906	1.1247514931970228E-4
1383301800000	1	2906	1.1247514931970228E-4
1383326400000	1	2906	2.036513945977951E-4
1383311400000	1	2907	2.3004033011505945E-5
1383298200000	1	2908	3.0566357734360675E-4
1383321000000	1	2908	3.152810000638461E-5
1383331800000	1	2908	3.152810000638461E-5
1383299400000	1	2909	3.122185562998461E-4
1383306000000	1	2910	4.412971702563501E-6
1383315000000	1	2910	4.412971702563501E-6
1383318600000	1	2911	1.1665528338665877E-4
1383298200000	1	2915	1.1919420912769626E-4
1383299400000	1	2916	5.959710456384813E-5
1383318600000	1	2918	7.619132691400791E-5
1383292200000	1	2919	2.023671329278356E-6
1383332400000	1	2923	0.002088459022580623
1383309600000	1	2925	5.901831587277996E-5
1383291600000	1	2926	8.383908877220639E-6
1383301800000	1	2927	3.304542613708837E-4
1383289800000	1	2929	1.7129217157492375E-5
1383330000000	1	2930	6.448575227673927E-4
1383336000000	1	2935	4.719333366364156E-4
1383324000000	1	2937	6.863686040688708E-6
1383297600000	1	2938	6.887612256266193E-5
1383303600000	1	2955	4.58472157838172E-5
1383261000000	1	3	7.748798813701356E-5
1383294000000	1	3	1.600829100761879E-4
1383294600000	1	3	1.481803848536356E-4
1383300600000	1	3	3.8615926076158004E-4
1383303000000	1	3	2.2925049349470033E-4
1383319200000	1	3	7.22991321747922E-5
1383325800000	1	3	7.551623674280319E-5
1383327600000	1	3	1.481803848536356E-4
1383328200000	1	3	2.2727874210048997E-4
1383334200000	1	3	2.310202567202117E-4
1383298200000	1	3006	7.565943694171849E-5
1383321000000	1	3006	3.650598934510409E-5
1383331800000	1	3006	3.650598934510409E-5
1383297000000	1	3007	1.1102038261109245E-5
1383299400000	1	3007	1.1555351061843716E-4
1383305400000	1	3007	7.591714078282209E-7
1383324000000	1	3007	7.591714078282209E-7
1383318600000	1	3009	1.1665528338665877E-4
1383291000000	1	301	3.863812352820993E-6
1383293400000	1	301	2.0429170958453422E-4
1383309600000	1	301	6.122868999588143E-7
1383315600000	1	301	1.476584753205549E-4
1383316200000	1	301	1.431407094532772E-4
1383318000000	1	301	2.1542045923823286E-4
1383318600000	1	301	9.58121479542967E-6
1383324600000	1	301	7.711442754548137E-5
1383327000000	1	301	7.199055991687023E-5
1383343200000	1	301	1.4447798338444634E-4
1383298200000	1	3013	1.1919420912769626E-4
1383299400000	1	3014	5.959710456384813E-5
1383318600000	1	3016	1.1665528338665877E-4
1383261000000	1	302	7.449782931750759E-5
1383294000000	1	302	7.493049994084364E-5
1383294600000	1	302	1.0445263473207118E-4
1383300600000	1	302	1.9469634485777104E-4
1383303000000	1	302	1.4092925938391304E-4
1383319200000	1	302	7.22991321747922E-5
1383325800000	1	302	7.551623674280319E-5
1383327600000	1	302	1.0445263473207118E-4
1383328200000	1	302	1.3982324185736114E-4
1383334200000	1	302	9.7891246559608E-5
1383324000000	1	3021	1.0031600791271266E-6
1383309600000	1	3023	4.909521069081887E-4
1383319200000	1	3024	2.7655680560642696E-4
1383330000000	1	3028	2.9473824891810494E-4
1383292800000	1	303	1.3784552038144374E-4
1383295200000	1	303	1.6079549182464322E-4
1383301800000	1	303	7.638395458239443E-5
1383303600000	1	303	1.3440468042423575E-4
1383304200000	1	303	2.5991820256469905E-4
1383310200000	1	303	7.1274777463985E-5
1383312600000	1	303	7.22991321747922E-5
1383326400000	1	303	2.7677859941354044E-4
1383328800000	1	303	2.059738991039859E-4
1383334800000	1	303	3.3615595277607026E-4
1383335400000	1	303	6.0602482171832E-5
1383337800000	1	303	1.268940921069147E-5
1383343800000	1	303	7.551623674280319E-5
1383291600000	1	3031	2.543859579088785E-4
1383294600000	1	3031	1.976526147719888E-4
1383319800000	1	3033	2.3184044155968796E-4
1383336000000	1	3033	5.359288233900254E-4
1383324000000	1	3035	1.49570952623258E-5
1383303000000	1	3038	2.512644415878542E-4
1383302400000	1	304	2.2372233601637736E-4
1383304800000	1	304	3.88253162417501E-4
1383310800000	1	304	7.571160192079258E-5
1383311400000	1	304	2.2352697083838797E-4
1383313200000	1	304	2.2694768272587748E-4
1383313800000	1	304	7.22991321747922E-5
1383319800000	1	304	3.0958430710364873E-4
1383322200000	1	304	2.252537723051965E-4
1383297600000	1	3043	2.0761488726109381E-4
1383278400000	1	305	7.585800497451888E-5
1383289200000	1	305	7.585800497451888E-5
1383295800000	1	305	2.3060771091918075E-4
1383298200000	1	305	2.2384825040092218E-4
1383312000000	1	305	2.9884784240320175E-4
1383314400000	1	305	7.585800497451888E-5
1383320400000	1	305	2.3894359803081926E-4
1383321000000	1	305	4.437878749845018E-4
1383322800000	1	305	7.748752787265231E-5
1383323400000	1	305	2.2367337389211423E-4
1383329400000	1	305	8.080191100933843E-5
1383331800000	1	305	5.188395697860114E-6
1383265800000	1	306	7.551623674280319E-5
1383296400000	1	306	1.4811595143869548E-4
1383297000000	1	306	2.236810967047801E-4
1383298800000	1	306	1.550072701088369E-4
1383299400000	1	306	1.5661422960598875E-4
1383305400000	1	306	1.5681808845167887E-4
1383307800000	1	306	1.5133305600670646E-4
1383321600000	1	306	4.627658154294312E-4
1383324000000	1	306	7.551623674280319E-5
1383330000000	1	306	2.3173316015228187E-4
1383330600000	1	306	8.41343568797532E-5
1383332400000	1	306	1.5133305600670646E-4
1383333000000	1	306	7.551623674280319E-5
1383341400000	1	306	7.581681926390328E-5
1383297600000	1	307	1.5155688353731713E-4
1383300000000	1	307	3.099129921466964E-4
1383306000000	1	307	2.306552407841715E-4
1383306600000	1	307	7.588125267884338E-5
1383308400000	1	307	7.925775136252494E-5
1383309000000	1	307	2.2406163753247897E-4
1383315000000	1	307	7.588125267884338E-5
1383317400000	1	307	7.588125267884338E-5
1383331200000	1	307	7.588125267884338E-5
1383339600000	1	307	7.925775136252494E-5
1383342000000	1	307	7.551623674280319E-5
1383342600000	1	307	7.588125267884338E-5
1383291000000	1	308	5.188855962221371E-6
1383293400000	1	308	2.961551478869015E-4
1383309600000	1	308	5.188855962221371E-6
1383315600000	1	308	2.963607697072712E-4
1383316200000	1	308	2.2542342306324732E-4
1383318000000	1	308	3.7187700645007437E-4
1383318600000	1	308	7.588125267884338E-5
1383324600000	1	308	1.547739881053281E-4
1383327000000	1	308	7.748798813701356E-5
1383343200000	1	308	2.2691372616444978E-4
1383261000000	1	309	7.748798813701356E-5
1383294000000	1	309	1.600829100761879E-4
1383294600000	1	309	1.481803848536356E-4
1383300600000	1	309	3.8615926076158004E-4
1383303000000	1	309	2.2925049349470033E-4
1383319200000	1	309	7.22991321747922E-5
1383325800000	1	309	7.551623674280319E-5
1383327600000	1	309	1.481803848536356E-4
1383328200000	1	309	2.2727874210048997E-4
1383334200000	1	309	2.310202567202117E-4
1383292800000	1	310	1.4742711653603036E-4
1383295200000	1	310	1.4595664467559596E-4
1383301800000	1	310	6.74059236499554E-5
1383303600000	1	310	1.4252666226358005E-4
1383304200000	1	310	3.0594261926108026E-4
1383310200000	1	310	7.588125267884338E-5
1383312600000	1	310	6.412602196931248E-5
1383326400000	1	310	2.830712415245814E-4
1383328800000	1	310	2.199318705311922E-4
1383334800000	1	310	3.460203459702245E-4
1383335400000	1	310	7.925775136252494E-5
1383343800000	1	310	6.664540958473665E-5
1383333000000	1	3105	7.922405878050588E-5
1383318600000	1	3107	1.1665528338665877E-4
1383286200000	1	311	1.4742877242033599E-6
1383302400000	1	311	1.785062548013742E-4
1383304800000	1	311	2.0243674070388317E-4
1383310800000	1	311	7.580539630296216E-5
1383311400000	1	311	8.475271303503768E-5
1383313200000	1	311	1.846333754858912E-4
1383313800000	1	311	4.376292125500729E-6
1383319800000	1	311	3.099678317957371E-4
1383322200000	1	311	8.485723694056988E-5
1383336000000	1	311	1.4742877242033599E-6
1383298200000	1	3111	1.1919420912769626E-4
1383299400000	1	3112	5.959710456384813E-5
1383318600000	1	3114	1.1665528338665877E-4
1383298200000	1	3118	1.298908117408633E-5
1383278400000	1	312	5.406558374223862E-5
1383287400000	1	312	2.3386856319562217E-6
1383289200000	1	312	5.406558374223862E-5
1383295800000	1	312	1.1053693130483443E-4
1383298200000	1	312	7.197077559559413E-5
1383312000000	1	312	1.1693428159781108E-6
1383314400000	1	312	5.406558374223862E-5
1383320400000	1	312	1.2844212315818993E-4
1383321000000	1	312	5.406558374223862E-5
1383322800000	1	312	4.756943426325101E-6
1383323400000	1	312	5.406558374223862E-5
1383329400000	1	312	5.406558374223862E-5
1383331800000	1	312	4.756943426325101E-6
1383309600000	1	3121	6.685326897033515E-5
1383324600000	1	3121	3.952816350130757E-4
1383319200000	1	3122	3.676490415251163E-5
1383297000000	1	3126	1.0709712764577938E-4
1383330000000	1	3126	1.0253462991772716E-4
1383291600000	1	3129	3.763966152936322E-4
1383294600000	1	3129	1.5196615700891977E-4
1383288000000	1	313	1.4008675551714436E-6
1383296400000	1	313	3.3020042290850716E-6
1383297000000	1	313	5.83936653781226E-5
1383298800000	1	313	6.750938200885437E-6
1383299400000	1	313	1.124795238802992E-4
1383305400000	1	313	6.829803680659206E-6
1383307800000	1	313	3.3020042290850716E-6
1383321600000	1	313	6.904344562008201E-5
1383330000000	1	313	2.257952224890631E-7
1383330600000	1	313	3.4489339718003655E-6
1383332400000	1	313	3.3020042290850716E-6
1383333000000	1	313	2.985358991046198E-6
1383341400000	1	313	3.3020042290850716E-6
1383295200000	1	3130	1.259396455184929E-5
1383298800000	1	3133	2.3033677425401755E-4
1383303000000	1	3136	2.4550914795648933E-4
1383315000000	1	314	7.923590552066225E-5
1383340200000	1	314	3.3624354795060236E-5
1383297600000	1	3141	1.4106049860142264E-4
1383291000000	1	315	1.8523523394232188E-6
1383293400000	1	315	2.6513420811781734E-5
1383327000000	1	315	3.7047046788464376E-6
1383328200000	1	3157	5.469773630617826E-4
1383303600000	1	3158	4.1658638193782174E-4
1383294000000	1	316	4.968161722170718E-7
1383300600000	1	316	3.63269223248975E-6
1383303000000	1	316	2.484080861085359E-7
1383292800000	1	317	5.862341116058543E-5
1383304200000	1	317	5.862341116058543E-5
1383312600000	1	317	1.051848075618392E-4
1383289800000	1	319	4.246080554414005E-5
1383295800000	1	319	4.246080554414005E-5
1383298200000	1	3209	1.1919420912769626E-4
1383299400000	1	3210	5.959710456384813E-5
1383318600000	1	3212	1.1665528338665877E-4
1383298200000	1	3216	4.9799225443908715E-5
1383299400000	1	3217	8.041562520367036E-7
1383305400000	1	3217	3.287651813842878E-5
1383331200000	1	3218	5.005792433035982E-4
1383318000000	1	3219	0.0011864835647105248
1383324600000	1	3219	1.4758893098891092E-4
1383303600000	1	3221	7.863162930467786E-4
1383310200000	1	3221	7.863162930467786E-4
1383337200000	1	3221	8.213051188067683E-4
1383297000000	1	3224	3.6774381954022823E-4
1383330000000	1	3224	3.5207738311901146E-4
1383309600000	1	3226	4.284944908710289E-4
1383291600000	1	3227	3.763966152936322E-4
1383294600000	1	3227	1.9630761760858347E-4
1383295200000	1	3228	1.83734051762399E-5
1383305400000	1	3231	0.0015176902288176622
1383312600000	1	3235	8.26396428088621E-6
1383312600000	1	324	9.184071182696486E-5
1383303000000	1	3241	1.5727838337971828E-4
1383334800000	1	3249	7.56990575256721E-6
1383328200000	1	3255	5.469773630617826E-4
1383303600000	1	3256	5.469773630617826E-4
1383298200000	1	3307	3.8092214870540726E-5
1383299400000	1	3308	5.959710456384813E-5
1383318600000	1	3310	1.0017599046507138E-4
1383298200000	1	3314	3.760611896485505E-5
1383299400000	1	3315	3.146829670557048E-7
1383297000000	1	3322	3.299923735368989E-4
1383330000000	1	3322	3.1593420514683374E-4
1383307200000	1	3324	2.3161896283499484E-4
1383309600000	1	3324	3.12853457716008E-5
1383324600000	1	3324	3.452422225141337E-4
1383319200000	1	3325	3.5207738311901146E-4
1383295200000	1	3326	2.4097497876421715E-6
1383328800000	1	3326	1.1270240240411554E-5
1383334800000	1	3326	1.1270240240411554E-5
1383304800000	1	3327	1.2904741334081115E-4
1383305400000	1	3329	1.671559893527825E-4
1383294600000	1	3332	2.6869063448663687E-4
1383295200000	1	3333	3.74332448951409E-6
1383312600000	1	3333	4.2674774541981057E-4
1383313200000	1	3334	9.173291343432535E-5
1383298800000	1	3336	5.834425206004234E-4
1383324000000	1	3336	5.517451173879324E-5
1383303000000	1	3339	2.9835128894329277E-4
1383334800000	1	3347	0.001043273227174557
1383303600000	1	3354	5.639519523695105E-6
1383318600000	1	3408	4.034623067526192E-5
1383330000000	1	3413	3.1853513131893836E-5
1383332400000	1	3420	1.7461642829950114E-4
1383307200000	1	3422	0.0010153833922001004
1383324600000	1	3422	4.990769585923321E-4
1383319200000	1	3423	3.5207738311901146E-4
1383291600000	1	3430	3.4088980145458004E-5
1383294600000	1	3430	2.65566163681259E-4
1383295200000	1	3431	1.83734051762399E-5
1383298800000	1	3434	5.834425206004234E-4
1383318600000	1	3436	1.838412013138288E-5
1383303000000	1	3437	2.6129204319382855E-4
1383303000000	1	344	1.1378046188785E-4
1383334800000	1	3445	1.8455774878612955E-4
1383295200000	1	3459	1.5011037518959163E-6
1383303000000	1	3507	1.9631386492606094E-7
1383260400000	1	351	6.610221974682922E-5
1383330000000	1	3511	1.5496154636462366E-4
1383305400000	1	3518	6.173857051155476E-4
1383332400000	1	3518	6.251965762113671E-5
1383331200000	1	3519	1.2240343651670433E-4
1383297000000	1	3525	2.905785548812422E-4
1383321600000	1	3525	0.0014613479579933131
1383330000000	1	3525	2.781994740822567E-4
1383332400000	1	3525	6.583200253192831E-5
1383294600000	1	3528	1.7327914862793088E-4
1383295200000	1	3529	1.587540777169259E-5
1383328800000	1	3529	4.5341801718064615E-4
1383334800000	1	3529	4.5341801718064615E-4
1383304800000	1	3530	6.370892312109495E-6
1383300600000	1	3535	6.32944461767929E-4
1383303600000	1	3536	5.945901052077135E-4
1383304200000	1	3536	5.945901052077135E-4
1383302400000	1	3537	5.515373243474447E-4
1383299400000	1	3567	7.765669808575621E-5
1383330000000	1	3609	1.5496154636462366E-4
1383330000000	1	3616	1.759610654714653E-5
1383331200000	1	3617	1.5800014304457347E-4
1383297000000	1	3623	2.3356040216565284E-4
1383330000000	1	3623	2.236103799039143E-4
1383332400000	1	3623	2.436069464467491E-4
1383295200000	1	3627	2.644892007277353E-6
1383328800000	1	3627	5.090980442890224E-4
1383334800000	1	3627	5.090980442890224E-4
1383304800000	1	3628	5.090980442890224E-4
1383330000000	1	3630	2.251245052212194E-6
1383300600000	1	3633	0.0018109648471720636
1383295200000	1	3634	0.0017229912791280697
1383303600000	1	3634	1.4027112760711034E-4
1383304200000	1	3634	1.4027112760711034E-4
1383326400000	1	3634	0.0017229912791280697
1383302400000	1	3635	6.070702330887537E-4
1383318600000	1	3639	5.711941002786761E-4
1383303000000	1	3640	2.9770219456461274E-4
1383299400000	1	3665	0.0015188792891635999
1383307800000	1	3707	1.496615586225017E-4
1383292200000	1	3710	3.1514081116003557E-6
1383330000000	1	3714	1.5496154636462366E-4
1383332400000	1	3721	2.436069464467491E-4
1383307200000	1	3723	2.7050849894983835E-4
1383328800000	1	3725	2.445299564280595E-4
1383334800000	1	3725	2.445299564280595E-4
1383304800000	1	3726	3.9198078644391086E-4
1383330000000	1	3728	1.2357928407074766E-6
1383295200000	1	3732	2.0667345328003715E-5
1383326400000	1	3732	2.0667345328003715E-5
1383293400000	1	3737	4.783129120178384E-5
1383318600000	1	3737	6.300595196103278E-4
1383300600000	1	3738	8.19812063018518E-5
1383303600000	1	3739	2.519711455601121E-4
1383304200000	1	3739	2.519711455601121E-4
1383295200000	1	3760	1.6408950932608318E-5
1383307800000	1	3805	1.2059718451393658E-4
1383303000000	1	3808	8.673160207393175E-6
1383330000000	1	3812	1.5496154636462366E-4
1383332400000	1	3819	2.436069464467491E-4
1383293400000	1	3835	2.1882279655221755E-5
1383318600000	1	3835	2.4260964996536568E-5
1383300600000	1	3836	1.0544853812166945E-4
1383295200000	1	3837	3.864386996274062E-4
1383303600000	1	3837	4.7032764077351344E-4
1383304200000	1	3837	4.7032764077351344E-4
1383326400000	1	3837	3.864386996274062E-4
1383302400000	1	3838	1.4550160840158573E-4
1383295200000	1	3858	5.2364204752570884E-5
1383291600000	1	3878	3.770675081007924E-5
1383303000000	1	3906	8.669851205517185E-6
1383307800000	1	3910	2.406876333596585E-6
1383330000000	1	3910	1.524694349500731E-4
1383332400000	1	3917	9.126621061484551E-5
1383332400000	1	3924	8.125131997006334E-6
1383330000000	1	3931	2.060231006631739E-5
1383291600000	1	3983	1.2127026105398866E-4
1383292800000	1	4	1.3977895792086393E-4
1383295200000	1	4	1.6002583300435094E-4
1383301800000	1	4	7.629402405244382E-5
1383303600000	1	4	1.3616582010439552E-4
1383304200000	1	4	2.6562858465300896E-4
1383310200000	1	4	7.175219389865427E-5
1383312600000	1	4	7.22991321747922E-5
1383326400000	1	4	2.791580425618707E-4
1383328800000	1	4	2.083609054529569E-4
1383334800000	1	4	3.398580931962909E-4
1383335400000	1	4	6.253591971125218E-5
1383337800000	1	4	1.1374275139441778E-5
1383343800000	1	4	7.551623674280319E-5
1383303000000	1	4004	8.673160207393175E-6
1383307800000	1	4008	1.496615586225017E-4
1383292800000	1	401	1.1754626831452582E-6
1383295200000	1	401	1.1672867099048423E-4
1383301800000	1	401	4.8357230296264306E-6
1383303600000	1	401	4.8357230296264306E-6
1383304200000	1	401	4.8620010053829744E-6
1383310200000	1	401	5.63104352596541E-5
1383312600000	1	401	4.1078004711760266E-6
1383326400000	1	401	6.280609305838598E-5
1383328800000	1	401	5.508698922708154E-5
1383334800000	1	401	3.3496401494606393E-6
1383337800000	1	401	5.391152654393628E-5
1383343800000	1	401	1.1491847073887147E-6
1383330000000	1	4015	1.5496154636462366E-4
1383286200000	1	402	2.0674007893706236E-6
1383302400000	1	402	5.4935857817346536E-5
1383304800000	1	402	7.74337281906116E-5
1383311400000	1	402	4.7753558829315235E-5
1383313200000	1	402	2.8082980182598857E-5
1383313800000	1	402	2.3357116968954095E-5
1383322200000	1	402	4.831142311660569E-5
1383336000000	1	402	2.0674007893706236E-6
1383330000000	1	4029	2.060231006631739E-5
1383287400000	1	403	2.3651402188237404E-6
1383295800000	1	403	4.627529723167656E-5
1383298200000	1	403	1.4251932733717762E-4
1383312000000	1	403	1.843123622010622E-4
1383320400000	1	403	1.0321638047910625E-4
1383321000000	1	403	2.2546229565321513E-4
1383322800000	1	403	4.799043871885839E-5
1383323400000	1	403	9.057919762829723E-5
1383329400000	1	403	3.029556703493406E-6
1383331800000	1	403	3.6865383222377156E-6
1383265800000	1	404	4.67440364561202E-5
1383296400000	1	404	4.7568356289864205E-5
1383297000000	1	404	1.4977319656825944E-4
1383298800000	1	404	5.7566612784177454E-6
1383299400000	1	404	1.594340196920535E-4
1383305400000	1	404	5.823911465000397E-6
1383307800000	1	404	4.955972211655959E-5
1383321600000	1	404	2.0614146829165233E-4
1383324000000	1	404	4.67440364561202E-5
1383330000000	1	404	1.404246495124822E-4
1383330600000	1	404	6.001219797178154E-6
1383332400000	1	404	4.955972211655959E-5
1383333000000	1	404	4.790764968503495E-5
1383341400000	1	404	2.8156856604393976E-6
1383297600000	1	405	5.05640728015811E-5
1383300000000	1	405	8.106720606096526E-5
1383306000000	1	405	6.62974028886207E-5
1383306600000	1	405	1.414058747908637E-5
1383308400000	1	405	1.4769803172344568E-5
1383309000000	1	405	6.407544458740927E-5
1383315000000	1	405	8.155956482616371E-5
1383317400000	1	405	1.414058747908637E-5
1383331200000	1	405	1.414058747908637E-5
1383339600000	1	405	1.4769803172344568E-5
1383340200000	1	405	2.3553946219500576E-5
1383342000000	1	405	3.738701223718976E-5
1383342600000	1	405	1.414058747908637E-5
1383291000000	1	406	3.903422382701913E-6
1383293400000	1	406	1.9653895732321902E-4
1383309600000	1	406	7.490960102569811E-7
1383315600000	1	406	1.450044876307297E-4
1383316200000	1	406	1.382584899187408E-4
1383318000000	1	406	2.0929072446394974E-4
1383318600000	1	406	1.1863030250623881E-5
1383324600000	1	406	7.572838627037458E-5
1383327000000	1	406	6.860529580327112E-5
1383343200000	1	406	1.3952717043368067E-4
1383261000000	1	407	5.652863678840891E-5
1383269400000	1	407	1.1160795991559768E-5
1383294000000	1	407	5.461823466123312E-5
1383294600000	1	407	7.733176407895363E-5
1383300600000	1	407	1.5168430307931633E-4
1383303000000	1	407	1.0452116270359124E-4
1383319200000	1	407	5.50016772271551E-5
1383325800000	1	407	5.7449094529868476E-5
1383327600000	1	407	7.806244040812493E-5
1383328200000	1	407	1.0210926823346552E-4
1383334200000	1	407	6.798388554443867E-5
1383292800000	1	408	1.1200354985347213E-4
1383295200000	1	408	1.293629541632026E-4
1383301800000	1	408	4.4579884623251856E-5
1383303600000	1	408	1.0871412337075493E-4
1383304200000	1	408	2.4655031276985613E-4
1383310200000	1	408	7.285153642147024E-5
1383312600000	1	408	4.3408539764867874E-5
1383326400000	1	408	2.2558176297811133E-4
1383328800000	1	408	1.8162992619687678E-4
1383334800000	1	408	2.565463024316188E-4
1383335400000	1	408	6.698802891391448E-5
1383337800000	1	408	8.345927762312991E-6
1383343800000	1	408	4.400917953469682E-5
1383291600000	1	4081	4.474645076933984E-4
1383286200000	1	409	2.1080928654944504E-6
1383302400000	1	409	1.6733212245074E-4
1383304800000	1	409	1.9075447995103848E-4
1383310800000	1	409	5.636901057251068E-5
1383311400000	1	409	1.0215308055663703E-4
1383313200000	1	409	1.3707624937618905E-4
1383313800000	1	409	2.2393804862927605E-5
1383319800000	1	409	2.3049256174061263E-4
1383322200000	1	409	1.0268793697775199E-4
1383336000000	1	409	2.1080928654944504E-6
1383303000000	1	41	1.6239765315410575E-4
1383278400000	1	410	4.468968693814935E-5
1383287400000	1	410	6.00985719007607E-6
1383289200000	1	410	4.468968693814935E-5
1383295800000	1	410	9.258250278506158E-5
1383298200000	1	410	7.116463970188277E-5
1383312000000	1	410	7.811448986333395E-6
1383314400000	1	410	4.468968693814935E-5
1383320400000	1	410	1.1681132415438613E-4
1383321000000	1	410	5.06072883788974E-5
1383322800000	1	410	5.734140238935088E-6
1383323400000	1	410	4.7067075977119556E-5
1383329400000	1	410	4.476920226935575E-5
1383331800000	1	410	4.571316876127454E-6
1383303000000	1	4102	5.931006733754159E-7
1383307800000	1	4106	1.496615586225017E-4
1383303000000	1	4109	8.673160207393175E-6
1383296400000	1	411	1.683726291541803E-5
1383297000000	1	411	6.165491460528894E-5
1383298800000	1	411	3.442373586709261E-5
1383299400000	1	411	1.0662200166106905E-4
1383305400000	1	411	3.482587914910454E-5
1383307800000	1	411	1.683726291541803E-5
1383321600000	1	411	1.008477475328791E-4
1383330000000	1	411	1.151353318268484E-6
1383330600000	1	411	1.7586472951674583E-5
1383332400000	1	411	1.683726291541803E-5
1383333000000	1	411	3.054048393805137E-6
1383341400000	1	411	1.683726291541803E-5
1383330000000	1	4113	1.5496154636462366E-4
1383329400000	1	4119	2.5379155777804604E-4
1383315000000	1	412	1.0056092479427827E-4
1383340200000	1	412	4.6649398250341986E-5
1383332400000	1	4120	1.3828723707804007E-4
1383323400000	1	4126	3.248403189223425E-5
1383324000000	1	4127	1.4536052455051953E-4
1383330000000	1	4127	1.3035455444249051E-5
1383291000000	1	413	3.6865383222377156E-6
1383293400000	1	413	3.054048393805137E-6
1383318600000	1	413	6.108096787610274E-6
1383327000000	1	413	7.373076644475431E-6
1383269400000	1	414	4.660776142106532E-5
1383294000000	1	414	7.373076644475431E-6
1383300600000	1	414	5.391152654393628E-5
1383303000000	1	414	6.7378608311151815E-6
1383327600000	1	414	3.0513225088774662E-6
1383295200000	1	415	1.0996197589013212E-4
1383301800000	1	415	3.567587374319419E-6
1383303600000	1	415	3.567587374319419E-6
1383304200000	1	415	5.2371054687510905E-6
1383310200000	1	415	5.4493505916637815E-5
1383312600000	1	415	7.258093020014593E-5
1383326400000	1	415	5.671455253808076E-5
1383328800000	1	415	5.384151920133653E-5
1383337800000	1	415	5.217200110690486E-5
1383304800000	1	416	2.3440941351529887E-6
1383313200000	1	416	2.3440941351529887E-6
1383289800000	1	417	3.7018947640316075E-5
1383295800000	1	417	3.7018947640316075E-5
1383291600000	1	4179	4.474645076933984E-4
1383307800000	1	4204	1.496615586225017E-4
1383303000000	1	4207	8.28053185946253E-6
1383307800000	1	4211	3.185774284786055E-5
1383330000000	1	4211	2.6569658590713367E-5
1383312600000	1	422	9.239227352961708E-5
1383296400000	1	4225	3.517429875084173E-6
1383324000000	1	4225	1.9716564136055157E-4
1383316200000	1	4227	4.6934541271762096E-4
1383330000000	1	4232	9.949256806252076E-6
1383319800000	1	4237	5.208333176707447E-4
1383309000000	1	4240	0.0011125621071939086
1383301800000	1	4278	7.407969431948269E-4
1383307800000	1	4302	1.634975890234078E-5
1383303000000	1	4305	8.673160207393175E-6
1383307800000	1	4309	1.4507120586751773E-4
1383311400000	1	4321	3.487369904884811E-4
1383296400000	1	4323	2.6411349708570713E-4
1383316200000	1	4325	4.668671881782106E-4
1383323400000	1	4329	3.690157212441335E-4
1383324000000	1	4330	2.864070294848568E-5
1383330000000	1	4330	1.3644731853084752E-5
1383303600000	1	4334	2.4730100486302153E-5
1383319800000	1	4335	0.001132726540357135
1383309000000	1	4338	4.7273557918761595E-4
1383305400000	1	4344	1.592217753843827E-6
1383301800000	1	4376	5.58551842593145E-4
1383303000000	1	4403	8.509722989299291E-6
1383307800000	1	4407	1.496615586225017E-4
1383329400000	1	4420	9.503082861393866E-4
1383296400000	1	4421	3.487369904884811E-4
1383333000000	1	4421	2.51115349299198E-5
1383323400000	1	4427	4.4935059655150996E-4
1383324000000	1	4428	4.6934541271762096E-4
1383316200000	1	4430	1.4047943572491935E-5
1383303600000	1	4432	2.611173368909412E-4
1383299400000	1	4442	3.723341504117193E-5
1383305400000	1	4442	0.001638471216009003
1383338400000	1	4454	3.054976398292813E-4
1383260400000	1	449	3.4275306166775305E-6
1383307800000	1	4505	1.496615586225017E-4
1383303000000	1	4508	3.35757128819274E-6
1383311400000	1	4524	3.1984220548134454E-4
1383323400000	1	4525	2.860471571033276E-4
1383324000000	1	4526	4.8476604599901284E-4
1383333000000	1	4526	9.260333772486116E-4
1383316200000	1	4528	3.42710212695061E-4
1383299400000	1	4540	9.493973845104786E-5
1383260400000	1	456	5.025655264300048E-5
1383301800000	1	4579	2.634569691148276E-5
1383307800000	1	4603	5.183235032159701E-7
1383303000000	1	4606	8.222194245761323E-6
1383311400000	1	4622	3.487369904884811E-4
1383296400000	1	4624	3.487369904884811E-4
1383333000000	1	4624	9.463921260807785E-6
1383316200000	1	4626	3.4335126280580445E-4
1383327000000	1	4626	2.254619486020707E-5
1383294600000	1	4627	1.0518349300108132E-4
1383303600000	1	4635	7.778904685270098E-5
1383299400000	1	4638	2.3952174490199752E-5
1383313200000	1	4643	6.078922631435484E-4
1383300000000	1	4646	1.9704864293647817E-5
1383303000000	1	4704	5.279362192077708E-6
1383311400000	1	4720	1.506453614915817E-4
1383296400000	1	4722	3.487369904884811E-4
1383297600000	1	4723	2.5908366436437058E-5
1383294600000	1	4725	6.44489951162184E-5
1383333000000	1	4729	3.6964745007231196E-4
1383303600000	1	4733	6.113448210202253E-4
1383300000000	1	4744	1.8470291545528348E-5
1383296400000	1	4820	2.2744488919460593E-5
1383295800000	1	4826	0.0016866651516636276
1383333000000	1	4827	9.757926168791001E-4
1383297600000	1	4828	3.7630659184371175E-5
1383327000000	1	4829	6.043151178790849E-6
1383295800000	1	4840	0.0015893416126072175
1383330000000	1	4841	7.041620692673841E-5
1383297600000	1	4912	1.3741418427270455E-5
1383304200000	1	4922	1.2812289114228108E-4
1383311400000	1	4923	8.994249719508058E-6
1383297600000	1	4926	4.815099287570416E-5
1383317400000	1	4926	1.2363979268328589E-4
1383327000000	1	4927	7.041547662414407E-4
1383294600000	1	4928	7.041547662414407E-4
1383295800000	1	4938	3.318144677640245E-5
1383330000000	1	4939	4.784221099720666E-4
1383300000000	1	4947	3.070868571578081E-5
1383293400000	1	4948	3.3479061561885674E-4
1383302400000	1	5	1.7772348776901265E-4
1383304800000	1	5	3.28573965229468E-4
1383310800000	1	5	5.7539757434422894E-5
1383311400000	1	5	1.8561518083391027E-4
1383313200000	1	5	1.897198718414004E-4
1383313800000	1	5	6.264397290016684E-5
1383319800000	1	5	2.3527973896106088E-4
1383322200000	1	5	1.871113772755107E-4
1383287400000	1	501	6.108096787610274E-6
1383298200000	1	501	5.391152654393628E-5
1383312000000	1	501	3.054048393805137E-6
1383320400000	1	501	5.391152654393628E-5
1383322800000	1	501	3.6865383222377156E-6
1383331800000	1	501	3.6865383222377156E-6
1383297000000	1	502	5.7598064866173996E-5
1383299400000	1	502	1.139085001258281E-4
1383321600000	1	502	6.128460318841171E-5
1383333000000	1	502	3.054048393805137E-6
1383304200000	1	5020	2.035264606734868E-4
1383297600000	1	5024	6.22997945728248E-4
1383327000000	1	5025	1.33070607550362E-5
1383294600000	1	5026	3.631019605890554E-4
1383315000000	1	503	1.0056092479427827E-4
1383340200000	1	503	4.6649398250341986E-5
1383291000000	1	504	3.6865383222377156E-6
1383293400000	1	504	3.054048393805137E-6
1383318600000	1	504	6.108096787610274E-6
1383327000000	1	504	7.373076644475431E-6
1383335400000	1	5041	9.280714800207826E-4
1383269400000	1	505	4.6649398250341986E-5
1383294000000	1	505	7.373076644475431E-6
1383300600000	1	505	5.391152654393628E-5
1383303000000	1	505	6.740586716042852E-6
1383327600000	1	505	3.054048393805137E-6
1383295200000	1	506	1.1567491891311333E-4
1383301800000	1	506	3.6865383222377156E-6
1383303600000	1	506	3.6865383222377156E-6
1383304200000	1	506	3.6865383222377156E-6
1383310200000	1	506	5.63104352596541E-5
1383312600000	1	506	3.054048393805137E-6
1383326400000	1	506	6.065211325997913E-5
1383328800000	1	506	5.391152654393628E-5
1383337800000	1	506	5.391152654393628E-5
1383286200000	1	507	3.054048393805137E-6
1383302400000	1	507	4.6649398250341986E-5
1383304800000	1	507	3.6865383222377156E-6
1383313200000	1	507	3.6865383222377156E-6
1383336000000	1	507	3.054048393805137E-6
1383287400000	1	508	6.108096787610274E-6
1383298200000	1	508	5.391152654393628E-5
1383312000000	1	508	3.054048393805137E-6
1383320400000	1	508	5.391152654393628E-5
1383322800000	1	508	3.6865383222377156E-6
1383331800000	1	508	3.6865383222377156E-6
1383297000000	1	509	5.7598064866173996E-5
1383299400000	1	509	1.139085001258281E-4
1383321600000	1	509	6.128460318841171E-5
1383333000000	1	509	3.054048393805137E-6
1383315000000	1	510	1.0056092479427827E-4
1383340200000	1	510	4.6649398250341986E-5
1383291000000	1	511	3.6865383222377156E-6
1383293400000	1	511	3.054048393805137E-6
1383318600000	1	511	6.108096787610274E-6
1383327000000	1	511	7.373076644475431E-6
1383304200000	1	5118	2.035264606734868E-4
1383269400000	1	512	4.6263236115893785E-5
1383294000000	1	512	7.176027790961173E-6
1383300600000	1	512	5.247071628128344E-5
1383303000000	1	512	6.616780980400861E-6
1383327600000	1	512	3.0287670849202743E-6
1383297600000	1	5122	3.221401034830956E-4
1383295800000	1	5127	4.244802878245899E-5
1383295200000	1	513	1.1443216429893304E-4
1383301800000	1	513	3.647293175157005E-6
1383303600000	1	513	3.647293175157005E-6
1383304200000	1	513	3.647293175157005E-6
1383310200000	1	513	5.571098094214071E-5
1383312600000	1	513	3.0102024146516225E-6
1383326400000	1	513	5.999510546623061E-5
1383328800000	1	513	5.333760987642198E-5
1383337800000	1	513	5.333760987642198E-5
1383335400000	1	5139	2.487916202189844E-4
1383286200000	1	514	3.054048393805137E-6
1383302400000	1	514	4.6649398250341986E-5
1383304800000	1	514	3.214449494326345E-6
1383313200000	1	514	3.214449494326345E-6
1383336000000	1	514	3.054048393805137E-6
1383287400000	1	515	5.880211487213013E-6
1383298200000	1	515	1.347992069532149E-5
1383312000000	1	515	2.9401057436065063E-6
1383320400000	1	515	1.347992069532149E-5
1383322800000	1	515	9.217740140140278E-7
1383331800000	1	515	9.217740140140278E-7
1383297000000	1	516	3.171350392363676E-5
1383299400000	1	516	6.271803877559658E-5
1383321600000	1	516	3.374331252603624E-5
1383324000000	1	516	2.0564623794887325E-5
1383333000000	1	516	9.904164922492762E-8
1383312600000	1	520	1.0470012400588653E-4
1383304200000	1	5216	1.4472430178266664E-4
1383297600000	1	5220	2.670787781424081E-7
1383304200000	1	5223	4.2730430047805796E-5
1383297600000	1	5227	3.422428193460058E-4
1383292800000	1	5272	5.0452766030441476E-5
1383304200000	1	5321	1.418156266335408E-4
1383297600000	1	5325	3.422428193460058E-4
1383302400000	1	5343	8.31876777161917E-6
1383292800000	1	5370	5.74242593707762E-5
1383304200000	1	5419	1.8382532374579835E-4
1383297600000	1	5423	3.136590440416795E-4
1383322200000	1	5469	9.352427682023159E-4
1383260400000	1	547	6.522127266358878E-6
1383260400000	1	55	4.890249263573871E-5
1383260400000	1	554	2.1801232976053622E-4
1383304200000	1	5622	1.1465907270291215E-4
1383297600000	1	5626	2.9747307932074728E-5
1383329400000	1	5855	0.0023263847340236074
1383323400000	1	5869	1.166116778327068E-4
1383298200000	1	5918	0.0010929326966435924
1383321000000	1	5953	1.9285219365482598E-4
1383278400000	1	6	7.588125267884338E-5
1383289200000	1	6	7.588125267884338E-5
1383295800000	1	6	2.3065524078417148E-4
1383298200000	1	6	2.2385601571210933E-4
1383312000000	1	6	2.9884784240320175E-4
1383314400000	1	6	7.588125267884338E-5
1383320400000	1	6	2.389756455026726E-4
1383321000000	1	6	4.438111226888263E-4
1383322800000	1	6	7.748798813701356E-5
1383323400000	1	6	2.2369662159643877E-4
1383329400000	1	6	8.082515871366294E-5
1383331800000	1	6	5.188855962221371E-6
1383315000000	1	601	1.0056092479427827E-4
1383340200000	1	601	4.6649398250341986E-5
1383298200000	1	6016	3.6546607748070957E-4
1383291000000	1	602	3.6865383222377156E-6
1383293400000	1	602	3.054048393805137E-6
1383318600000	1	602	6.108096787610274E-6
1383327000000	1	602	7.373076644475431E-6
1383269400000	1	603	4.6649398250341986E-5
1383294000000	1	603	7.373076644475431E-6
1383300600000	1	603	5.391152654393628E-5
1383303000000	1	603	6.740586716042852E-6
1383327600000	1	603	3.054048393805137E-6
1383295200000	1	604	1.1567491891311333E-4
1383301800000	1	604	3.6865383222377156E-6
1383303600000	1	604	3.6865383222377156E-6
1383304200000	1	604	3.6865383222377156E-6
1383310200000	1	604	5.63104352596541E-5
1383312600000	1	604	3.054048393805137E-6
1383326400000	1	604	6.065211325997913E-5
1383328800000	1	604	5.391152654393628E-5
1383337800000	1	604	5.391152654393628E-5
1383286200000	1	605	3.054048393805137E-6
1383302400000	1	605	4.6649398250341986E-5
1383304800000	1	605	3.6865383222377156E-6
1383313200000	1	605	3.6865383222377156E-6
1383336000000	1	605	3.054048393805137E-6
1383292200000	1	6055	1.232098935345091E-4
1383287400000	1	606	6.108096787610274E-6
1383298200000	1	606	5.391152654393628E-5
1383312000000	1	606	3.054048393805137E-6
1383320400000	1	606	5.391152654393628E-5
1383322800000	1	606	3.6865383222377156E-6
1383331800000	1	606	3.6865383222377156E-6
1383317400000	1	6060	1.7946328272671198E-4
1383297000000	1	607	5.7598064866173996E-5
1383299400000	1	607	1.1390850012582809E-4
1383321600000	1	607	6.128460318841171E-5
1383324000000	1	607	1.1960353678902795E-7
1383333000000	1	607	3.054048393805137E-6
1383315000000	1	608	1.0056092479427827E-4
1383340200000	1	608	4.6649398250341986E-5
1383291000000	1	609	3.6865383222377156E-6
1383293400000	1	609	3.054048393805137E-6
1383318600000	1	609	6.108096787610274E-6
1383327000000	1	609	7.373076644475431E-6
1383269400000	1	610	4.6649398250341986E-5
1383294000000	1	610	7.373076644475431E-6
1383300600000	1	610	5.391152654393628E-5
1383303000000	1	610	6.740586716042852E-6
1383327600000	1	610	3.054048393805137E-6
1383295200000	1	611	1.0528386376569721E-4
1383301800000	1	611	3.3463969005563097E-6
1383303600000	1	611	3.3463969005563097E-6
1383304200000	1	611	8.12040053903825E-6
1383310200000	1	611	5.111490768594604E-5
1383312600000	1	611	3.054048393805137E-6
1383326400000	1	611	5.5337781505579714E-5
1383328800000	1	611	5.371133984970021E-5
1383337800000	1	611	4.8937336211218265E-5
1383286200000	1	612	2.440504244741395E-6
1383302400000	1	612	3.727775063274111E-5
1383304800000	1	612	1.957464664446789E-6
1383313200000	1	612	1.957464664446789E-6
1383336000000	1	612	1.6405820026639724E-5
1383307800000	1	6122	3.614105818391588E-5
1383287400000	1	613	5.275188550117999E-6
1383298200000	1	613	2.1196246278306815E-5
1383312000000	1	613	2.6375942750589997E-6
1383320400000	1	613	1.812211731804745E-5
1383322800000	1	613	1.2392132862092727E-6
1383331800000	1	613	1.2392132862092727E-6
1383297000000	1	614	2.862878097218926E-6
1383299400000	1	614	5.66175531860285E-6
1383321600000	1	614	3.0461153264872094E-6
1383324000000	1	614	4.707533646075687E-5
1383333000000	1	614	3.054048393805137E-6
1383315000000	1	615	4.6649398250341986E-5
1383340200000	1	615	4.6649398250341986E-5
1383293400000	1	616	1.8842098920176928E-6
1383315600000	1	616	3.3874418168480956E-6
1383318600000	1	616	3.7684197840353856E-6
1383324600000	1	616	3.3874418168480956E-6
1383269400000	1	617	3.935712106638834E-6
1383303000000	1	617	2.5766367174246765E-7
1383316800000	1	617	1.7237085397621166E-5
1383327600000	1	617	2.5766367174246765E-7
1383312600000	1	618	1.051848075618392E-4
1383307800000	1	6220	7.180548258598619E-4
1383321000000	1	6254	9.494589651015776E-4
1383318600000	1	6362	0.0014154939837729115
1383314400000	1	6366	0.0015791134939852184
1383307800000	1	6423	1.2834928923561662E-4
1383327600000	1	6433	1.0264214320177194E-4
1383323400000	1	6450	2.4122806815371985E-4
1383260400000	1	652	2.1801232976053622E-4
1383307800000	1	6521	2.3848942539643004E-4
1383327600000	1	6531	9.109838462220383E-6
1383327600000	1	6636	7.005922401464485E-4
1383297000000	1	6668	0.0010346870302780204
1383307200000	1	6670	8.950591278145816E-4
1383327600000	1	6734	6.008422172545467E-4
1383327600000	1	69	2.03985509195064E-6
1383265800000	1	7	7.551623674280319E-5
1383296400000	1	7	1.481803848536356E-4
1383297000000	1	7	2.2369662159643877E-4
1383298800000	1	7	1.551390040413683E-4
1383299400000	1	7	1.5658634538386794E-4
1383305400000	1	7	1.5695136131990814E-4
1383307800000	1	7	1.5139748942164658E-4
1383321600000	1	7	4.629172170265132E-4
1383324000000	1	7	7.551623674280319E-5
1383330000000	1	7	2.3173756619063093E-4
1383330600000	1	7	8.420165739734449E-5
1383332400000	1	7	1.5139748942164658E-4
1383333000000	1	7	7.551623674280319E-5
1383341400000	1	7	7.588125267884338E-5
1383269400000	1	701	4.6649398250341986E-5
1383294000000	1	701	7.373076644475431E-6
1383300600000	1	701	5.391152654393628E-5
1383303000000	1	701	6.740586716042852E-6
1383327600000	1	701	3.054048393805137E-6
1383295200000	1	702	1.1567491891311333E-4
1383301800000	1	702	3.6865383222377156E-6
1383303600000	1	702	3.6865383222377156E-6
1383304200000	1	702	3.6865383222377156E-6
1383310200000	1	702	5.63104352596541E-5
1383312600000	1	702	3.054048393805137E-6
1383326400000	1	702	6.065211325997913E-5
1383328800000	1	702	5.391152654393628E-5
1383337800000	1	702	5.391152654393628E-5
1383286200000	1	703	3.054048393805137E-6
1383302400000	1	703	4.6649398250341986E-5
1383304800000	1	703	3.6865383222377156E-6
1383313200000	1	703	3.6865383222377156E-6
1383336000000	1	703	3.054048393805137E-6
1383287400000	1	704	6.108096787610274E-6
1383298200000	1	704	5.391152654393628E-5
1383312000000	1	704	3.054048393805137E-6
1383320400000	1	704	5.391152654393628E-5
1383322800000	1	704	3.6865383222377156E-6
1383331800000	1	704	3.6865383222377156E-6
1383297000000	1	705	5.7598064866173996E-5
1383299400000	1	705	1.139085001258281E-4
1383321600000	1	705	6.128460318841171E-5
1383333000000	1	705	3.054048393805137E-6
1383315000000	1	706	1.0056092479427827E-4
1383340200000	1	706	4.6649398250341986E-5
1383291000000	1	707	3.6865383222377156E-6
1383293400000	1	707	3.054048393805137E-6
1383318600000	1	707	6.108096787610274E-6
1383327000000	1	707	7.373076644475431E-6
1383303000000	1	7070	0.00112918984588612
1383269400000	1	708	4.6649398250341986E-5
1383292200000	1	708	1.0290418572264567E-6
1383294000000	1	708	7.373076644475431E-6
1383300600000	1	708	5.391152654393628E-5
1383303000000	1	708	6.740586716042852E-6
1383327600000	1	708	3.054048393805137E-6
1383295200000	1	709	1.0847881255278986E-4
1383301800000	1	709	3.450980545549399E-6
1383303600000	1	709	3.450980545549399E-6
1383304200000	1	709	6.757116203546565E-6
1383310200000	1	709	5.2712382079492366E-5
1383312600000	1	709	3.054048393805137E-6
1383326400000	1	709	5.6971784747026124E-5
1383328800000	1	709	5.377289146566875E-5
1383337800000	1	709	5.046675580767159E-5
1383286200000	1	710	3.054048393805137E-6
1383302400000	1	710	4.6649398250341986E-5
1383304800000	1	710	1.9207814447887693E-6
1383313200000	1	710	1.9207814447887693E-6
1383336000000	1	710	3.054048393805137E-6
1383287400000	1	711	6.108096787610274E-6
1383298200000	1	711	4.265113721238879E-6
1383312000000	1	711	3.054048393805137E-6
1383320400000	1	711	4.265113721238879E-6
1383322800000	1	711	2.9165386680777534E-7
1383331800000	1	711	2.9165386680777534E-7
1383324000000	1	712	1.963493806699527E-5
1383333000000	1	712	9.854329803501618E-7
1383315000000	1	713	4.4352492810181645E-5
1383340200000	1	713	4.4352492810181645E-5
1383293400000	1	714	3.054048393805137E-6
1383315600000	1	714	3.3874418168480956E-6
1383318600000	1	714	6.108096787610274E-6
1383324600000	1	714	3.3874418168480956E-6
1383269400000	1	715	4.6649398250341986E-5
1383292200000	1	715	3.045263551352108E-6
1383303000000	1	715	3.054048393805137E-6
1383316800000	1	715	9.90751450071431E-5
1383327600000	1	715	3.054048393805137E-6
1383295200000	1	716	3.054048393805137E-6
1383304200000	1	716	5.174185277631569E-5
1383312600000	1	716	3.054048393805137E-6
1383326400000	1	716	3.054048393805137E-6
1383328800000	1	716	5.174185277631569E-5
1383286200000	1	717	2.2124441387818775E-6
1383302400000	1	717	3.3794221449149676E-5
1383336000000	1	717	2.2124441387818775E-6
1383287400000	1	718	1.381337509821119E-7
1383312000000	1	718	6.906687549105594E-8
1383317400000	1	7593	0.0014525133195773285
1383317400000	1	7691	3.306449467053621E-4
1383297600000	1	8	1.5155688353731713E-4
1383300000000	1	8	3.099129921466965E-4
1383306000000	1	8	2.3065524078417148E-4
1383306600000	1	8	7.588125267884338E-5
1383308400000	1	8	7.925775136252494E-5
1383309000000	1	8	2.2406163753247897E-4
1383315000000	1	8	7.588125267884338E-5
1383317400000	1	8	7.588125267884338E-5
1383331200000	1	8	7.588125267884338E-5
1383339600000	1	8	7.925775136252494E-5
1383342000000	1	8	7.551623674280319E-5
1383342600000	1	8	7.588125267884338E-5
1383286200000	1	801	3.054048393805137E-6
1383302400000	1	801	4.6649398250341986E-5
1383304800000	1	801	3.6865383222377156E-6
1383313200000	1	801	3.6865383222377156E-6
1383336000000	1	801	3.054048393805137E-6
1383287400000	1	802	6.108096787610274E-6
1383298200000	1	802	5.391152654393628E-5
1383312000000	1	802	3.054048393805137E-6
1383320400000	1	802	5.391152654393628E-5
1383322800000	1	802	3.6865383222377156E-6
1383331800000	1	802	3.6865383222377156E-6
1383297000000	1	803	5.7598064866173996E-5
1383299400000	1	803	1.139085001258281E-4
1383321600000	1	803	6.128460318841171E-5
1383324000000	1	803	1.4747826693907484E-8
1383333000000	1	803	3.054048393805137E-6
1383315000000	1	804	1.0056092479427827E-4
1383340200000	1	804	4.6649398250341986E-5
1383291000000	1	805	3.6865383222377156E-6
1383293400000	1	805	3.054048393805137E-6
1383318600000	1	805	6.108096787610274E-6
1383327000000	1	805	7.373076644475431E-6
1383269400000	1	806	4.6649398250341986E-5
1383292200000	1	806	1.8424474016754933E-6
1383294000000	1	806	7.373076644475431E-6
1383300600000	1	806	5.391152654393628E-5
1383303000000	1	806	6.740586716042852E-6
1383327600000	1	806	3.054048393805137E-6
1383295200000	1	807	1.1567491891311333E-4
1383301800000	1	807	3.6865383222377156E-6
1383303600000	1	807	3.6865383222377156E-6
1383304200000	1	807	3.6865383222377156E-6
1383310200000	1	807	5.63104352596541E-5
1383312600000	1	807	3.054048393805137E-6
1383326400000	1	807	6.065211325997913E-5
1383328800000	1	807	5.391152654393628E-5
1383337800000	1	807	5.391152654393628E-5
1383286200000	1	808	3.054048393805137E-6
1383302400000	1	808	4.6649398250341986E-5
1383304800000	1	808	2.4979630308350025E-6
1383313200000	1	808	2.4979630308350025E-6
1383336000000	1	808	3.054048393805137E-6
1383287400000	1	809	6.108096787610274E-6
1383298200000	1	809	1.0666089650582398E-5
1383312000000	1	809	3.054048393805137E-6
1383320400000	1	809	1.0666089650582398E-5
1383322800000	1	809	7.29360690858006E-7
1383331800000	1	809	7.29360690858006E-7
1383324000000	1	810	4.953757250357155E-5
1383333000000	1	810	3.054048393805137E-6
1383315000000	1	811	4.6649398250341986E-5
1383340200000	1	811	4.6649398250341986E-5
1383293400000	1	812	3.054048393805137E-6
1383315600000	1	812	3.3874418168480956E-6
1383318600000	1	812	6.108096787610274E-6
1383324600000	1	812	3.3874418168480956E-6
1383269400000	1	813	4.6649398250341986E-5
1383292200000	1	813	1.5757040561404543E-6
1383303000000	1	813	3.054048393805137E-6
1383316800000	1	813	9.90751450071431E-5
1383327600000	1	813	3.054048393805137E-6
1383295200000	1	814	1.7552376945998934E-6
1383301800000	1	814	9.348090496681847E-6
1383304200000	1	814	3.185359774045763E-5
1383312600000	1	814	1.7552376945998934E-6
1383326400000	1	814	1.7552376945998934E-6
1383328800000	1	814	3.185359774045763E-5
1383286200000	1	815	1.5877632181245855E-6
1383302400000	1	815	2.4252463988383116E-5
1383336000000	1	815	1.5877632181245855E-6
1383287400000	1	816	6.108096787610274E-6
1383312000000	1	816	3.054048393805137E-6
1383324000000	1	817	3.707010201348642E-5
1383333000000	1	817	3.054048393805137E-6
1383315000000	1	818	2.53165898879056E-5
1383340200000	1	818	2.53165898879056E-5
1383293400000	1	819	5.1706573750228107E-8
1383318600000	1	819	1.0341314750045621E-7
1383297000000	1	831	2.6074271108212955E-6
1383299400000	1	831	5.156564062892694E-6
1383321600000	1	831	2.774314314216377E-6
1383333000000	1	831	1.382547937385359E-7
1383306000000	1	8559	3.605234386567494E-4
1383313800000	1	8570	2.601520803164336E-4
1383306000000	1	8657	9.222325765833584E-4
1383313800000	1	8871	3.4103797140668256E-4
1383328800000	1	898	1.9162035106806517E-4
1383291000000	1	9	5.188855962221371E-6
1383293400000	1	9	2.961551478869015E-4
1383309600000	1	9	5.188855962221371E-6
1383315600000	1	9	2.963607697072712E-4
1383316200000	1	9	2.2542342306324732E-4
1383318000000	1	9	3.7187700645007437E-4
1383318600000	1	9	7.588125267884338E-5
1383324600000	1	9	1.547739881053281E-4
1383327000000	1	9	7.748798813701356E-5
1383343200000	1	9	2.2691372616444978E-4
1383297000000	1	901	5.7598064866173996E-5
1383299400000	1	901	1.1390850012582809E-4
1383321600000	1	901	6.128460318841171E-5
1383333000000	1	901	3.054048393805137E-6
1383315000000	1	902	1.0056092479427827E-4
1383340200000	1	902	4.6649398250341986E-5
1383291000000	1	903	3.6865383222377156E-6
1383293400000	1	903	3.054048393805137E-6
1383318600000	1	903	6.108096787610274E-6
1383327000000	1	903	7.373076644475431E-6
1383269400000	1	904	4.6649398250341986E-5
1383292200000	1	904	3.623861954341756E-6
1383294000000	1	904	7.373076644475431E-6
1383300600000	1	904	5.391152654393628E-5
1383303000000	1	904	6.740586716042852E-6
1383327600000	1	904	3.054048393805137E-6
1383295200000	1	905	1.1567491891311333E-4
1383301800000	1	905	3.6865383222377156E-6
1383303600000	1	905	3.6865383222377156E-6
1383304200000	1	905	3.6865383222377156E-6
1383310200000	1	905	5.63104352596541E-5
1383312600000	1	905	3.054048393805137E-6
1383326400000	1	905	6.065211325997913E-5
1383328800000	1	905	5.391152654393628E-5
1383337800000	1	905	5.391152654393628E-5
1383286200000	1	906	3.054048393805137E-6
1383302400000	1	906	4.6649398250341986E-5
1383304800000	1	906	3.6865383222377156E-6
1383313200000	1	906	3.6865383222377156E-6
1383336000000	1	906	3.054048393805137E-6
1383287400000	1	907	6.108096787610274E-6
1383298200000	1	907	3.4065532444451606E-5
1383312000000	1	907	3.054048393805137E-6
1383320400000	1	907	3.4065532444451606E-5
1383322800000	1	907	2.3294441629575445E-6
1383331800000	1	907	2.3294441629575445E-6
1383297000000	1	908	1.3590129154807856E-6
1383299400000	1	908	2.6876445105182226E-6
1383321600000	1	908	1.4459959279305355E-6
1383324000000	1	908	4.998867581424735E-5
1383333000000	1	908	3.054048393805137E-6
1383315000000	1	909	4.6649398250341986E-5
1383340200000	1	909	4.6649398250341986E-5
1383293400000	1	910	3.040223023263677E-6
1383315600000	1	910	3.3874418168480956E-6
1383318600000	1	910	6.080446046527354E-6
1383324600000	1	910	3.3874418168480956E-6
1383269400000	1	911	4.654380967852551E-5
1383294000000	1	911	1.9012191612506174E-7
1383303000000	1	911	3.0471357085346916E-6
1383316800000	1	911	9.90751450071431E-5
1383327600000	1	911	3.0471357085346916E-6
1383295200000	1	912	3.054048393805137E-6
1383304200000	1	912	5.174185277631569E-5
1383312600000	1	912	3.054048393805137E-6
1383326400000	1	912	3.054048393805137E-6
1383328800000	1	912	5.174185277631569E-5
1383286200000	1	913	3.054048393805137E-6
1383302400000	1	913	4.6649398250341986E-5
1383336000000	1	913	3.054048393805137E-6
1383287400000	1	914	6.108096787610274E-6
1383312000000	1	914	3.054048393805137E-6
1383313200000	1	9144	1.2606286089538058E-6
1383324000000	1	915	5.146613140816659E-5
1383333000000	1	915	3.054048393805137E-6
1383315000000	1	916	4.6649398250341986E-5
1383340200000	1	916	4.6649398250341986E-5
1383293400000	1	917	3.054048393805137E-6
1383315600000	1	917	3.3179346226127386E-6
1383318600000	1	917	6.108096787610274E-6
1383324600000	1	917	3.3179346226127386E-6
1383269400000	1	918	4.655104859546449E-5
1383303000000	1	918	3.047609626816161E-6
1383316800000	1	918	2.021188057100171E-5
1383327600000	1	918	3.047609626816161E-6
1383295200000	1	919	6.869595962122151E-7
1383312600000	1	919	6.869595962122151E-7
1383326400000	1	919	6.869595962122151E-7
1383313200000	1	9249	1.0622326889686482E-5
1383309600000	1	9260	5.6837344555585186E-5
1383320400000	1	9313	4.052632418826082E-6
1383289800000	1	9327	1.083668277132619E-5
1383313200000	1	9347	1.521478104178707E-5
1383320400000	1	9411	3.285354814477563E-6
1383289800000	1	9425	2.1328105447992947E-4
1383313200000	1	9445	1.521478104178707E-5
1383309600000	1	9463	1.251476082175019E-4
1383320400000	1	9509	8.88056500997816E-6
1383289800000	1	9523	3.013536480373996E-4
1383313200000	1	9543	1.3875601813609277E-5
1383313200000	1	9550	2.1680141771014876E-6
1383309600000	1	9561	6.337392896174608E-4
1383320400000	1	9607	9.015358063475242E-6
1383320400000	1	9614	3.3067393811391523E-6
1383289800000	1	9628	2.609415815811953E-4
1383313200000	1	9648	1.4239580966415477E-5
1383309600000	1	9659	1.1059667348143018E-4
1383320400000	1	9705	1.9201321330967942E-7
1383320400000	1	9712	9.015358063475242E-6
1383289800000	1	9726	3.013536480373996E-4
1383313200000	1	9746	1.8332897597512427E-6
1383320400000	1	9810	9.015358063475242E-6
1383289800000	1	9824	2.952698153773549E-4
1383313200000	1	9844	2.4433533582194927E-6
1383320400000	1	9908	9.015358063475242E-6
