#X Y Z
93 48.93 10
93 49.93 10
94 49.94 10
92 50.92 10
93 50.93 10
94 50.94 10
92 51.92 10
93 51.93 10
94 51.94 10
95 51.95 10
94 52.94 10
47 0.47 20
48 0.48 20
47 1.47 20
46 2.46 20
47 2.47 20
47 3.47 20
65 7.65 20
66 7.66 20
67 7.67 20
57 8.57 20
65 8.65 20
66 8.66 20
67 8.67 20
51 9.51 20
55 9.55 20
56 9.56 20
51 10.51 20
52 10.52 20
55 10.55 20
51 11.51 20
52 11.52 20
56 11.56 20
65 11.65 20
48 13.48 20
51 14.51 20
83 14.83 20
84 14.84 20
52 15.52 20
53 15.53 20
41 16.41 20
46 16.46 20
47 16.47 20
48 16.48 20
52 16.52 20
53 16.53 20
54 16.54 20
42 17.42 20
47 17.47 20
48 17.48 20
53 17.53 20
42 18.42 20
47 18.47 20
48 18.48 20
49 18.49 20
52 18.52 20
53 18.53 20
42 19.42 20
43 19.43 20
48 19.48 20
49 19.49 20
53 19.53 20
54 19.54 20
56 19.56 20
43 20.43 20
44 20.44 20
46 20.46 20
44 21.44 20
45 21.45 20
46 21.46 20
47 21.47 20
44 22.44 20
45 22.45 20
46 22.46 20
66 22.66 20
45 23.45 20
39 24.39 20
40 24.4 20
23 25.23 20
24 25.24 20
29 25.29 20
38 25.38 20
39 25.39 20
40 25.4 20
54 25.54 20
55 25.55 20
23 26.23 20
24 26.24 20
25 26.25 20
53 26.53 20
54 26.54 20
55 26.55 20
16 27.16 20
23 27.23 20
24 27.24 20
25 27.25 20
36 27.36 20
37 27.37 20
38 27.38 20
56 27.56 20
57 27.57 20
58 27.58 20
23 28.23 20
24 28.24 20
25 28.25 20
35 28.35 20
36 28.36 20
37 28.37 20
38 28.38 20
56 28.56 20
57 28.57 20
58 28.58 20
20 29.2 20
24 29.24 20
25 29.25 20
26 29.26 20
34 29.34 20
35 29.35 20
36 29.36 20
37 29.37 20
38 29.38 20
15 30.15 20
17 30.17 20
18 30.18 20
19 30.19 20
20 30.2 20
21 30.21 20
22 30.22 20
32 30.32 20
33 30.33 20
34 30.34 20
35 30.35 20
36 30.36 20
37 30.37 20
16 31.16 20
18 31.18 20
19 31.19 20
20 31.2 20
31 31.31 20
33 31.33 20
18 32.18 20
19 32.19 20
20 32.2 20
30 32.3 20
31 32.31 20
33 32.33 20
34 32.34 20
35 32.35 20
53 32.53 20
16 33.16 20
18 33.18 20
19 33.19 20
20 33.2 20
21 33.21 20
25 33.25 20
30 33.3 20
31 33.31 20
32 33.32 20
33 33.33 20
34 33.34 20
35 33.35 20
36 33.36 20
46 33.46 20
47 33.47 20
48 33.48 20
49 33.49 20
51 33.51 20
53 33.53 20
63 33.63 20
64 33.64 20
65 33.65 20
66 33.66 20
15 34.15 20
16 34.16 20
18 34.18 20
19 34.19 20
21 34.21 20
25 34.25 20
26 34.26 20
27 34.27 20
32 34.32 20
34 34.34 20
35 34.35 20
36 34.36 20
37 34.37 20
46 34.46 20
47 34.47 20
48 34.48 20
49 34.49 20
50 34.5 20
53 34.53 20
63 34.63 20
64 34.64 20
65 34.65 20
14 35.14 20
15 35.15 20
16 35.16 20
28 35.28 20
29 35.29 20
49 35.49 20
50 35.5 20
56 35.56 20
58 35.58 20
59 35.59 20
63 35.63 20
64 35.64 20
72 35.72 20
14 36.14 20
15 36.15 20
16 36.16 20
25 36.25 20
26 36.26 20
27 36.27 20
29 36.29 20
34 36.34 20
36 36.36 20
38 36.38 20
39 36.39 20
47 36.47 20
48 36.48 20
49 36.49 20
50 36.5 20
52 36.52 20
53 36.53 20
57 36.57 20
58 36.58 20
59 36.59 20
61 36.61 20
62 36.62 20
63 36.63 20
67 36.67 20
68 36.68 20
73 36.73 20
15 37.15 20
16 37.16 20
17 37.17 20
25 37.25 20
26 37.26 20
29 37.29 20
32 37.32 20
33 37.33 20
34 37.34 20
35 37.35 20
36 37.36 20
48 37.48 20
49 37.49 20
51 37.51 20
53 37.53 20
55 37.55 20
56 37.56 20
57 37.57 20
59 37.59 20
61 37.61 20
62 37.62 20
67 37.67 20
68 37.68 20
71 37.71 20
72 37.72 20
73 37.73 20
16 38.16 20
17 38.17 20
23 38.23 20
24 38.24 20
25 38.25 20
26 38.26 20
33 38.33 20
34 38.34 20
35 38.35 20
45 38.45 20
46 38.46 20
47 38.47 20
48 38.48 20
51 38.51 20
52 38.52 20
53 38.53 20
54 38.54 20
55 38.55 20
56 38.56 20
57 38.57 20
58 38.58 20
60 38.6 20
61 38.61 20
62 38.62 20
63 38.63 20
67 38.67 20
68 38.68 20
69 38.69 20
71 38.71 20
72 38.72 20
73 38.73 20
26 39.26 20
33 39.33 20
34 39.34 20
41 39.41 20
44 39.44 20
45 39.45 20
46 39.46 20
47 39.47 20
48 39.48 20
49 39.49 20
50 39.5 20
51 39.51 20
52 39.52 20
53 39.53 20
54 39.54 20
55 39.55 20
56 39.56 20
57 39.57 20
58 39.58 20
59 39.59 20
60 39.6 20
61 39.61 20
62 39.62 20
63 39.63 20
67 39.67 20
68 39.68 20
69 39.69 20
71 39.71 20
72 39.72 20
73 39.73 20
40 40.4 20
41 40.41 20
44 40.44 20
45 40.45 20
46 40.46 20
47 40.47 20
48 40.48 20
50 40.5 20
51 40.51 20
52 40.52 20
53 40.53 20
54 40.54 20
55 40.55 20
56 40.56 20
57 40.57 20
58 40.58 20
59 40.59 20
60 40.6 20
61 40.61 20
62 40.62 20
63 40.63 20
64 40.64 20
68 40.68 20
69 40.69 20
70 40.7 20
71 40.71 20
72 40.72 20
73 40.73 20
28 41.28 20
29 41.29 20
30 41.3 20
41 41.41 20
43 41.43 20
44 41.44 20
45 41.45 20
47 41.47 20
49 41.49 20
50 41.5 20
51 41.51 20
53 41.53 20
58 41.58 20
59 41.59 20
60 41.6 20
61 41.61 20
62 41.62 20
63 41.63 20
64 41.64 20
65 41.65 20
68 41.68 20
69 41.69 20
26 42.26 20
27 42.27 20
28 42.28 20
30 42.3 20
38 42.38 20
39 42.39 20
40 42.4 20
43 42.43 20
44 42.44 20
45 42.45 20
46 42.46 20
47 42.47 20
48 42.48 20
49 42.49 20
50 42.5 20
51 42.51 20
52 42.52 20
53 42.53 20
55 42.55 20
56 42.56 20
57 42.57 20
58 42.58 20
59 42.59 20
60 42.6 20
61 42.61 20
62 42.62 20
63 42.63 20
64 42.64 20
65 42.65 20
66 42.66 20
67 42.67 20
68 42.68 20
69 42.69 20
76 42.76 20
77 42.77 20
78 42.78 20
79 42.79 20
80 42.8 20
25 43.25 20
26 43.26 20
27 43.27 20
28 43.28 20
35 43.35 20
36 43.36 20
37 43.37 20
39 43.39 20
40 43.4 20
41 43.41 20
42 43.42 20
43 43.43 20
44 43.44 20
45 43.45 20
46 43.46 20
47 43.47 20
48 43.48 20
49 43.49 20
50 43.5 20
51 43.51 20
52 43.52 20
53 43.53 20
54 43.54 20
55 43.55 20
56 43.56 20
57 43.57 20
58 43.58 20
59 43.59 20
60 43.6 20
61 43.61 20
62 43.62 20
63 43.63 20
64 43.64 20
65 43.65 20
66 43.66 20
67 43.67 20
68 43.68 20
69 43.69 20
70 43.7 20
71 43.71 20
72 43.72 20
76 43.76 20
77 43.77 20
78 43.78 20
79 43.79 20
80 43.8 20
82 43.82 20
83 43.83 20
26 44.26 20
27 44.27 20
28 44.28 20
29 44.29 20
33 44.33 20
35 44.35 20
36 44.36 20
38 44.38 20
39 44.39 20
42 44.42 20
43 44.43 20
44 44.44 20
45 44.45 20
46 44.46 20
47 44.47 20
48 44.48 20
49 44.49 20
50 44.5 20
51 44.51 20
52 44.52 20
53 44.53 20
54 44.54 20
55 44.55 20
56 44.56 20
57 44.57 20
58 44.58 20
59 44.59 20
60 44.6 20
61 44.61 20
62 44.62 20
63 44.63 20
65 44.65 20
66 44.66 20
67 44.67 20
68 44.68 20
69 44.69 20
70 44.7 20
71 44.71 20
72 44.72 20
76 44.76 20
77 44.77 20
78 44.78 20
80 44.8 20
26 45.26 20
38 45.38 20
42 45.42 20
43 45.43 20
44 45.44 20
45 45.45 20
46 45.46 20
47 45.47 20
48 45.48 20
49 45.49 20
50 45.5 20
51 45.51 20
52 45.52 20
54 45.54 20
55 45.55 20
56 45.56 20
57 45.57 20
58 45.58 20
59 45.59 20
60 45.6 20
61 45.61 20
62 45.62 20
63 45.63 20
64 45.64 20
65 45.65 20
66 45.66 20
67 45.67 20
68 45.68 20
69 45.69 20
70 45.7 20
71 45.71 20
72 45.72 20
77 45.77 20
78 45.78 20
80 45.8 20
38 46.38 20
39 46.39 20
40 46.4 20
42 46.42 20
43 46.43 20
44 46.44 20
45 46.45 20
46 46.46 20
48 46.48 20
49 46.49 20
50 46.5 20
51 46.51 20
52 46.52 20
53 46.53 20
54 46.54 20
55 46.55 20
56 46.56 20
57 46.57 20
58 46.58 20
59 46.59 20
60 46.6 20
61 46.61 20
62 46.62 20
63 46.63 20
64 46.64 20
65 46.65 20
66 46.66 20
67 46.67 20
68 46.68 20
69 46.69 20
71 46.71 20
72 46.72 20
77 46.77 20
78 46.78 20
79 46.79 20
80 46.8 20
33 47.33 20
34 47.34 20
38 47.38 20
39 47.39 20
40 47.4 20
41 47.41 20
42 47.42 20
43 47.43 20
44 47.44 20
46 47.46 20
47 47.47 20
48 47.48 20
49 47.49 20
50 47.5 20
51 47.51 20
52 47.52 20
53 47.53 20
54 47.54 20
55 47.55 20
56 47.56 20
57 47.57 20
58 47.58 20
59 47.59 20
60 47.6 20
61 47.61 20
62 47.62 20
63 47.63 20
64 47.64 20
65 47.65 20
66 47.66 20
67 47.67 20
68 47.68 20
69 47.69 20
70 47.7 20
71 47.71 20
72 47.72 20
76 47.76 20
77 47.77 20
80 47.8 20
33 48.33 20
34 48.34 20
37 48.37 20
39 48.39 20
40 48.4 20
41 48.41 20
42 48.42 20
43 48.43 20
44 48.44 20
45 48.45 20
46 48.46 20
47 48.47 20
48 48.48 20
49 48.49 20
50 48.5 20
51 48.51 20
52 48.52 20
53 48.53 20
54 48.54 20
55 48.55 20
58 48.58 20
59 48.59 20
60 48.6 20
61 48.61 20
62 48.62 20
63 48.63 20
64 48.64 20
65 48.65 20
66 48.66 20
67 48.67 20
68 48.68 20
70 48.7 20
71 48.71 20
72 48.72 20
73 48.73 20
74 48.74 20
77 48.77 20
79 48.79 20
80 48.8 20
82 48.82 20
83 48.83 20
90 48.9 20
36 49.36 20
37 49.37 20
38 49.38 20
42 49.42 20
43 49.43 20
44 49.44 20
45 49.45 20
46 49.46 20
47 49.47 20
48 49.48 20
49 49.49 20
50 49.5 20
51 49.51 20
52 49.52 20
53 49.53 20
54 49.54 20
55 49.55 20
56 49.56 20
57 49.57 20
58 49.58 20
59 49.59 20
60 49.6 20
61 49.61 20
62 49.62 20
63 49.63 20
64 49.64 20
65 49.65 20
66 49.66 20
67 49.67 20
68 49.68 20
69 49.69 20
70 49.7 20
71 49.71 20
72 49.72 20
73 49.73 20
74 49.74 20
77 49.77 20
78 49.78 20
79 49.79 20
80 49.8 20
81 49.81 20
89 49.89 20
90 49.9 20
91 49.91 20
92 49.92 20
36 50.36 20
37 50.37 20
38 50.38 20
41 50.41 20
42 50.42 20
44 50.44 20
46 50.46 20
47 50.47 20
48 50.48 20
49 50.49 20
50 50.5 20
51 50.51 20
52 50.52 20
53 50.53 20
54 50.54 20
55 50.55 20
56 50.56 20
57 50.57 20
58 50.58 20
59 50.59 20
60 50.6 20
61 50.61 20
62 50.62 20
63 50.63 20
64 50.64 20
65 50.65 20
66 50.66 20
67 50.67 20
68 50.68 20
69 50.69 20
70 50.7 20
71 50.71 20
72 50.72 20
73 50.73 20
74 50.74 20
79 50.79 20
81 50.81 20
89 50.89 20
90 50.9 20
91 50.91 20
37 51.37 20
41 51.41 20
42 51.42 20
43 51.43 20
45 51.45 20
46 51.46 20
47 51.47 20
48 51.48 20
49 51.49 20
50 51.5 20
51 51.51 20
52 51.52 20
53 51.53 20
54 51.54 20
55 51.55 20
56 51.56 20
57 51.57 20
58 51.58 20
59 51.59 20
60 51.6 20
61 51.61 20
62 51.62 20
63 51.63 20
64 51.64 20
65 51.65 20
67 51.67 20
68 51.68 20
69 51.69 20
70 51.7 20
71 51.71 20
72 51.72 20
73 51.73 20
74 51.74 20
75 51.75 20
80 51.8 20
81 51.81 20
35 52.35 20
40 52.4 20
41 52.41 20
43 52.43 20
44 52.44 20
45 52.45 20
46 52.46 20
47 52.47 20
48 52.48 20
50 52.5 20
51 52.51 20
52 52.52 20
53 52.53 20
54 52.54 20
55 52.55 20
56 52.56 20
57 52.57 20
58 52.58 20
59 52.59 20
60 52.6 20
61 52.61 20
62 52.62 20
63 52.63 20
64 52.64 20
65 52.65 20
66 52.66 20
67 52.67 20
68 52.68 20
69 52.69 20
70 52.7 20
71 52.71 20
72 52.72 20
73 52.73 20
74 52.74 20
75 52.75 20
77 52.77 20
78 52.78 20
26 53.26 20
27 53.27 20
28 53.28 20
29 53.29 20
34 53.34 20
35 53.35 20
37 53.37 20
42 53.42 20
44 53.44 20
45 53.45 20
46 53.46 20
47 53.47 20
48 53.48 20
49 53.49 20
50 53.5 20
51 53.51 20
52 53.52 20
53 53.53 20
55 53.55 20
57 53.57 20
58 53.58 20
59 53.59 20
60 53.6 20
61 53.61 20
62 53.62 20
64 53.64 20
65 53.65 20
66 53.66 20
67 53.67 20
68 53.68 20
69 53.69 20
70 53.7 20
71 53.71 20
72 53.72 20
73 53.73 20
74 53.74 20
75 53.75 20
76 53.76 20
77 53.77 20
78 53.78 20
21 54.21 20
22 54.22 20
26 54.26 20
27 54.27 20
28 54.28 20
37 54.37 20
40 54.4 20
41 54.41 20
42 54.42 20
43 54.43 20
44 54.44 20
45 54.45 20
46 54.46 20
47 54.47 20
48 54.48 20
49 54.49 20
50 54.5 20
51 54.51 20
52 54.52 20
53 54.53 20
54 54.54 20
55 54.55 20
56 54.56 20
57 54.57 20
58 54.58 20
59 54.59 20
60 54.6 20
61 54.61 20
62 54.62 20
63 54.63 20
65 54.65 20
66 54.66 20
67 54.67 20
68 54.68 20
69 54.69 20
70 54.7 20
71 54.71 20
72 54.72 20
73 54.73 20
74 54.74 20
75 54.75 20
78 54.78 20
79 54.79 20
21 55.21 20
27 55.27 20
28 55.28 20
40 55.4 20
41 55.41 20
43 55.43 20
45 55.45 20
46 55.46 20
47 55.47 20
48 55.48 20
49 55.49 20
50 55.5 20
51 55.51 20
52 55.52 20
53 55.53 20
55 55.55 20
57 55.57 20
58 55.58 20
59 55.59 20
60 55.6 20
61 55.61 20
62 55.62 20
63 55.63 20
64 55.64 20
65 55.65 20
66 55.66 20
67 55.67 20
68 55.68 20
69 55.69 20
70 55.7 20
71 55.71 20
72 55.72 20
73 55.73 20
78 55.78 20
79 55.79 20
80 55.8 20
25 56.25 20
26 56.26 20
36 56.36 20
37 56.37 20
41 56.41 20
42 56.42 20
43 56.43 20
44 56.44 20
45 56.45 20
46 56.46 20
47 56.47 20
48 56.48 20
50 56.5 20
51 56.51 20
52 56.52 20
53 56.53 20
54 56.54 20
55 56.55 20
57 56.57 20
58 56.58 20
59 56.59 20
60 56.6 20
61 56.61 20
62 56.62 20
63 56.63 20
64 56.64 20
65 56.65 20
66 56.66 20
67 56.67 20
68 56.68 20
69 56.69 20
70 56.7 20
71 56.71 20
72 56.72 20
73 56.73 20
79 56.79 20
97 56.97 20
98 56.98 20
99 56.99 20
0 57.0 20
36 57.36 20
41 57.41 20
42 57.42 20
46 57.46 20
47 57.47 20
48 57.48 20
49 57.49 20
50 57.5 20
51 57.51 20
52 57.52 20
53 57.53 20
54 57.54 20
55 57.55 20
56 57.56 20
57 57.57 20
58 57.58 20
59 57.59 20
60 57.6 20
61 57.61 20
62 57.62 20
63 57.63 20
64 57.64 20
65 57.65 20
66 57.66 20
67 57.67 20
68 57.68 20
69 57.69 20
70 57.7 20
71 57.71 20
72 57.72 20
73 57.73 20
79 57.79 20
80 57.8 20
98 57.98 20
99 57.99 20
0 58.0 20
41 58.41 20
46 58.46 20
47 58.47 20
48 58.48 20
50 58.5 20
51 58.51 20
52 58.52 20
53 58.53 20
54 58.54 20
55 58.55 20
56 58.56 20
58 58.58 20
59 58.59 20
60 58.6 20
61 58.61 20
62 58.62 20
63 58.63 20
64 58.64 20
65 58.65 20
66 58.66 20
67 58.67 20
68 58.68 20
69 58.69 20
70 58.7 20
71 58.71 20
72 58.72 20
73 58.73 20
74 58.74 20
76 58.76 20
77 58.77 20
80 58.8 20
88 58.88 20
99 58.99 20
43 59.43 20
44 59.44 20
45 59.45 20
46 59.46 20
47 59.47 20
48 59.48 20
49 59.49 20
50 59.5 20
51 59.51 20
52 59.52 20
53 59.53 20
54 59.54 20
55 59.55 20
56 59.56 20
57 59.57 20
58 59.58 20
59 59.59 20
60 59.6 20
61 59.61 20
62 59.62 20
63 59.63 20
64 59.64 20
65 59.65 20
66 59.66 20
67 59.67 20
68 59.68 20
69 59.69 20
70 59.7 20
71 59.71 20
72 59.72 20
73 59.73 20
74 59.74 20
75 59.75 20
76 59.76 20
77 59.77 20
78 59.78 20
79 59.79 20
80 59.8 20
81 59.81 20
82 59.82 20
86 59.86 20
87 59.87 20
88 59.88 20
99 59.99 20
0 60.0 20
43 60.43 20
44 60.44 20
45 60.45 20
46 60.46 20
47 60.47 20
48 60.48 20
49 60.49 20
50 60.5 20
51 60.51 20
52 60.52 20
53 60.53 20
54 60.54 20
55 60.55 20
56 60.56 20
58 60.58 20
59 60.59 20
60 60.6 20
61 60.61 20
62 60.62 20
63 60.63 20
64 60.64 20
65 60.65 20
66 60.66 20
67 60.67 20
68 60.68 20
69 60.69 20
70 60.7 20
72 60.72 20
73 60.73 20
76 60.76 20
77 60.77 20
78 60.78 20
79 60.79 20
80 60.8 20
81 60.81 20
82 60.82 20
85 60.85 20
86 60.86 20
87 60.87 20
98 60.98 20
99 60.99 20
0 61.0 20
44 61.44 20
45 61.45 20
47 61.47 20
48 61.48 20
49 61.49 20
50 61.5 20
51 61.51 20
52 61.52 20
53 61.53 20
55 61.55 20
56 61.56 20
57 61.57 20
58 61.58 20
59 61.59 20
60 61.6 20
61 61.61 20
62 61.62 20
63 61.63 20
64 61.64 20
66 61.66 20
67 61.67 20
68 61.68 20
69 61.69 20
70 61.7 20
71 61.71 20
74 61.74 20
75 61.75 20
76 61.76 20
77 61.77 20
78 61.78 20
79 61.79 20
80 61.8 20
98 61.98 20
99 61.99 20
0 62.0 20
21 62.21 20
43 62.43 20
44 62.44 20
46 62.46 20
47 62.47 20
48 62.48 20
49 62.49 20
50 62.5 20
51 62.51 20
52 62.52 20
53 62.53 20
56 62.56 20
57 62.57 20
58 62.58 20
59 62.59 20
60 62.6 20
61 62.61 20
62 62.62 20
63 62.63 20
64 62.64 20
67 62.67 20
68 62.68 20
69 62.69 20
70 62.7 20
71 62.71 20
72 62.72 20
73 62.73 20
74 62.74 20
75 62.75 20
76 62.76 20
77 62.77 20
78 62.78 20
79 62.79 20
99 62.99 20
0 63.0 20
20 63.2 20
21 63.21 20
22 63.22 20
45 63.45 20
46 63.46 20
47 63.47 20
48 63.48 20
49 63.49 20
50 63.5 20
51 63.51 20
52 63.52 20
53 63.53 20
54 63.54 20
56 63.56 20
57 63.57 20
58 63.58 20
59 63.59 20
60 63.6 20
61 63.61 20
64 63.64 20
65 63.65 20
67 63.67 20
68 63.68 20
70 63.7 20
71 63.71 20
72 63.72 20
73 63.73 20
74 63.74 20
75 63.75 20
76 63.76 20
77 63.77 20
78 63.78 20
79 63.79 20
97 63.97 20
99 63.99 20
0 64.0 20
21 64.21 20
45 64.45 20
46 64.46 20
47 64.47 20
48 64.48 20
49 64.49 20
50 64.5 20
51 64.51 20
52 64.52 20
53 64.53 20
54 64.54 20
56 64.56 20
57 64.57 20
58 64.58 20
60 64.6 20
61 64.61 20
62 64.62 20
63 64.63 20
65 64.65 20
67 64.67 20
69 64.69 20
70 64.7 20
72 64.72 20
73 64.73 20
74 64.74 20
75 64.75 20
76 64.76 20
77 64.77 20
78 64.78 20
79 64.79 20
98 64.98 20
99 64.99 20
0 65.0 20
46 65.46 20
47 65.47 20
48 65.48 20
50 65.5 20
51 65.51 20
52 65.52 20
53 65.53 20
54 65.54 20
55 65.55 20
57 65.57 20
58 65.58 20
59 65.59 20
60 65.6 20
61 65.61 20
62 65.62 20
63 65.63 20
64 65.64 20
65 65.65 20
66 65.66 20
67 65.67 20
68 65.68 20
70 65.7 20
71 65.71 20
72 65.72 20
73 65.73 20
74 65.74 20
76 65.76 20
77 65.77 20
78 65.78 20
79 65.79 20
96 65.96 20
97 65.97 20
98 65.98 20
99 65.99 20
34 66.34 20
35 66.35 20
38 66.38 20
39 66.39 20
40 66.4 20
45 66.45 20
46 66.46 20
47 66.47 20
50 66.5 20
51 66.51 20
52 66.52 20
53 66.53 20
54 66.54 20
55 66.55 20
56 66.56 20
57 66.57 20
58 66.58 20
59 66.59 20
60 66.6 20
61 66.61 20
62 66.62 20
63 66.63 20
64 66.64 20
65 66.65 20
67 66.67 20
69 66.69 20
72 66.72 20
73 66.73 20
74 66.74 20
75 66.75 20
96 66.96 20
97 66.97 20
98 66.98 20
38 67.38 20
39 67.39 20
44 67.44 20
45 67.45 20
47 67.47 20
51 67.51 20
52 67.52 20
53 67.53 20
54 67.54 20
55 67.55 20
56 67.56 20
57 67.57 20
58 67.58 20
59 67.59 20
60 67.6 20
61 67.61 20
62 67.62 20
63 67.63 20
64 67.64 20
65 67.65 20
68 67.68 20
69 67.69 20
70 67.7 20
71 67.71 20
72 67.72 20
73 67.73 20
74 67.74 20
75 67.75 20
94 67.94 20
95 67.95 20
97 67.97 20
98 67.98 20
99 67.99 20
45 68.45 20
49 68.49 20
50 68.5 20
51 68.51 20
52 68.52 20
53 68.53 20
54 68.54 20
55 68.55 20
56 68.56 20
57 68.57 20
58 68.58 20
59 68.59 20
60 68.6 20
61 68.61 20
62 68.62 20
63 68.63 20
64 68.64 20
70 68.7 20
71 68.71 20
72 68.72 20
73 68.73 20
74 68.74 20
75 68.75 20
76 68.76 20
82 68.82 20
83 68.83 20
94 68.94 20
95 68.95 20
98 68.98 20
99 68.99 20
0 69.0 20
51 69.51 20
54 69.54 20
55 69.55 20
56 69.56 20
57 69.57 20
60 69.6 20
62 69.62 20
63 69.63 20
64 69.64 20
65 69.65 20
69 69.69 20
70 69.7 20
71 69.71 20
72 69.72 20
73 69.73 20
74 69.74 20
75 69.75 20
77 69.77 20
82 69.82 20
83 69.83 20
92 69.92 20
93 69.93 20
0 70.0 20
24 70.24 20
39 70.39 20
40 70.4 20
41 70.41 20
50 70.5 20
52 70.52 20
53 70.53 20
55 70.55 20
56 70.56 20
57 70.57 20
58 70.58 20
59 70.59 20
63 70.63 20
64 70.64 20
65 70.65 20
66 70.66 20
69 70.69 20
70 70.7 20
71 70.71 20
72 70.72 20
73 70.73 20
74 70.74 20
76 70.76 20
82 70.82 20
83 70.83 20
84 70.84 20
85 70.85 20
86 70.86 20
91 70.91 20
92 70.92 20
93 70.93 20
94 70.94 20
0 71.0 20
23 71.23 20
24 71.24 20
32 71.32 20
33 71.33 20
34 71.34 20
35 71.35 20
38 71.38 20
39 71.39 20
41 71.41 20
42 71.42 20
43 71.43 20
44 71.44 20
57 71.57 20
58 71.58 20
60 71.6 20
61 71.61 20
62 71.62 20
63 71.63 20
64 71.64 20
65 71.65 20
66 71.66 20
70 71.7 20
71 71.71 20
72 71.72 20
73 71.73 20
76 71.76 20
91 71.91 20
92 71.92 20
93 71.93 20
94 71.94 20
20 72.2 20
21 72.21 20
32 72.32 20
33 72.33 20
34 72.34 20
35 72.35 20
40 72.4 20
42 72.42 20
43 72.43 20
53 72.53 20
54 72.54 20
55 72.55 20
57 72.57 20
58 72.58 20
59 72.59 20
60 72.6 20
61 72.61 20
62 72.62 20
63 72.63 20
64 72.64 20
65 72.65 20
66 72.66 20
71 72.71 20
72 72.72 20
84 72.84 20
90 72.9 20
91 72.91 20
92 72.92 20
93 72.93 20
94 72.94 20
17 73.17 20
19 73.19 20
21 73.21 20
22 73.22 20
32 73.32 20
33 73.33 20
34 73.34 20
35 73.35 20
39 73.39 20
41 73.41 20
51 73.51 20
52 73.52 20
53 73.53 20
54 73.54 20
55 73.55 20
57 73.57 20
58 73.58 20
59 73.59 20
60 73.6 20
61 73.61 20
62 73.62 20
63 73.63 20
64 73.64 20
65 73.65 20
66 73.66 20
67 73.67 20
69 73.69 20
70 73.7 20
71 73.71 20
72 73.72 20
89 73.89 20
90 73.9 20
91 73.91 20
93 73.93 20
9 74.09 20
16 74.16 20
17 74.17 20
19 74.19 20
20 74.2 20
21 74.21 20
22 74.22 20
53 74.53 20
54 74.54 20
55 74.55 20
57 74.57 20
58 74.58 20
59 74.59 20
60 74.6 20
61 74.61 20
62 74.62 20
63 74.63 20
64 74.64 20
65 74.65 20
66 74.66 20
67 74.67 20
69 74.69 20
70 74.7 20
71 74.71 20
72 74.72 20
89 74.89 20
90 74.9 20
91 74.91 20
93 74.93 20
8 75.08 20
9 75.09 20
17 75.17 20
18 75.18 20
19 75.19 20
20 75.2 20
21 75.21 20
22 75.22 20
40 75.4 20
41 75.41 20
45 75.45 20
51 75.51 20
52 75.52 20
53 75.53 20
58 75.58 20
59 75.59 20
60 75.6 20
61 75.61 20
62 75.62 20
63 75.63 20
64 75.64 20
65 75.65 20
66 75.66 20
67 75.67 20
68 75.68 20
69 75.69 20
70 75.7 20
71 75.71 20
90 75.9 20
91 75.91 20
92 75.92 20
93 75.93 20
18 76.18 20
19 76.19 20
21 76.21 20
22 76.22 20
23 76.23 20
24 76.24 20
41 76.41 20
45 76.45 20
46 76.46 20
47 76.47 20
51 76.51 20
52 76.52 20
54 76.54 20
61 76.61 20
62 76.62 20
65 76.65 20
66 76.66 20
68 76.68 20
69 76.69 20
70 76.7 20
71 76.71 20
72 76.72 20
73 76.73 20
92 76.92 20
93 76.93 20
18 77.18 20
23 77.23 20
33 77.33 20
42 77.42 20
43 77.43 20
46 77.46 20
47 77.47 20
50 77.5 20
51 77.51 20
61 77.61 20
62 77.62 20
64 77.64 20
66 77.66 20
67 77.67 20
68 77.68 20
69 77.69 20
70 77.7 20
71 77.71 20
72 77.72 20
82 77.82 20
83 77.83 20
93 77.93 20
21 78.21 20
35 78.35 20
42 78.42 20
43 78.43 20
46 78.46 20
47 78.47 20
50 78.5 20
51 78.51 20
52 78.52 20
53 78.53 20
54 78.54 20
55 78.55 20
56 78.56 20
60 78.6 20
61 78.61 20
62 78.62 20
65 78.65 20
66 78.66 20
67 78.67 20
68 78.68 20
69 78.69 20
70 78.7 20
75 78.75 20
76 78.76 20
82 78.82 20
83 78.83 20
85 78.85 20
86 78.86 20
87 78.87 20
15 79.15 20
16 79.16 20
17 79.17 20
34 79.34 20
35 79.35 20
36 79.36 20
47 79.47 20
50 79.5 20
51 79.51 20
52 79.52 20
54 79.54 20
55 79.55 20
59 79.59 20
60 79.6 20
61 79.61 20
62 79.62 20
65 79.65 20
66 79.66 20
67 79.67 20
68 79.68 20
69 79.69 20
73 79.73 20
75 79.75 20
76 79.76 20
78 79.78 20
80 79.8 20
82 79.82 20
83 79.83 20
85 79.85 20
86 79.86 20
87 79.87 20
12 80.12 20
13 80.13 20
14 80.14 20
33 80.33 20
34 80.34 20
35 80.35 20
36 80.36 20
50 80.5 20
51 80.51 20
53 80.53 20
54 80.54 20
55 80.55 20
59 80.59 20
60 80.6 20
66 80.66 20
67 80.67 20
68 80.68 20
71 80.71 20
72 80.72 20
73 80.73 20
75 80.75 20
76 80.76 20
77 80.77 20
78 80.78 20
79 80.79 20
80 80.8 20
83 80.83 20
91 80.91 20
12 81.12 20
13 81.13 20
14 81.14 20
33 81.33 20
34 81.34 20
35 81.35 20
37 81.37 20
60 81.6 20
61 81.61 20
62 81.62 20
63 81.63 20
66 81.66 20
67 81.67 20
68 81.68 20
69 81.69 20
70 81.7 20
72 81.72 20
73 81.73 20
75 81.75 20
76 81.76 20
77 81.77 20
78 81.78 20
79 81.79 20
80 81.8 20
84 81.84 20
85 81.85 20
86 81.86 20
14 82.14 20
34 82.34 20
35 82.35 20
42 82.42 20
43 82.43 20
61 82.61 20
62 82.62 20
69 82.69 20
71 82.71 20
73 82.73 20
74 82.74 20
75 82.75 20
76 82.76 20
77 82.77 20
78 82.78 20
87 82.87 20
61 83.61 20
62 83.62 20
64 83.64 20
65 83.65 20
70 83.7 20
71 83.71 20
73 83.73 20
75 83.75 20
77 83.77 20
78 83.78 20
88 83.88 20
89 83.89 20
90 83.9 20
91 83.91 20
12 84.12 20
59 84.59 20
60 84.6 20
61 84.61 20
62 84.62 20
63 84.63 20
64 84.64 20
65 84.65 20
69 84.69 20
74 84.74 20
75 84.75 20
77 84.77 20
90 84.9 20
2 85.02 20
12 85.12 20
32 85.32 20
33 85.33 20
57 85.57 20
58 85.58 20
59 85.59 20
60 85.6 20
61 85.61 20
62 85.62 20
63 85.63 20
64 85.64 20
69 85.69 20
70 85.7 20
71 85.71 20
72 85.72 20
74 85.74 20
75 85.75 20
91 85.91 20
92 85.92 20
12 86.12 20
13 86.13 20
32 86.32 20
33 86.33 20
55 86.55 20
56 86.56 20
57 86.57 20
58 86.58 20
59 86.59 20
60 86.6 20
61 86.61 20
62 86.62 20
63 86.63 20
70 86.7 20
71 86.71 20
75 86.75 20
85 86.85 20
86 86.86 20
91 86.91 20
13 87.13 20
51 87.51 20
52 87.52 20
56 87.56 20
59 87.59 20
60 87.6 20
61 87.61 20
62 87.62 20
69 87.69 20
70 87.7 20
71 87.71 20
74 87.74 20
75 87.75 20
76 87.76 20
77 87.77 20
81 87.81 20
82 87.82 20
99 87.99 20
0 88.0 20
52 88.52 20
54 88.54 20
55 88.55 20
57 88.57 20
58 88.58 20
59 88.59 20
60 88.6 20
61 88.61 20
62 88.62 20
63 88.63 20
68 88.68 20
69 88.69 20
70 88.7 20
71 88.71 20
72 88.72 20
76 88.76 20
77 88.77 20
78 88.78 20
80 88.8 20
81 88.81 20
82 88.82 20
85 88.85 20
98 88.98 20
99 88.99 20
0 89.0 20
52 89.52 20
55 89.55 20
56 89.56 20
57 89.57 20
58 89.58 20
62 89.62 20
63 89.63 20
64 89.64 20
65 89.65 20
66 89.66 20
68 89.68 20
69 89.69 20
71 89.71 20
72 89.72 20
73 89.73 20
75 89.75 20
77 89.77 20
78 89.78 20
83 89.83 20
84 89.84 20
88 89.88 20
98 89.98 20
99 89.99 20
0 90.0 20
55 90.55 20
56 90.56 20
57 90.57 20
58 90.58 20
59 90.59 20
61 90.61 20
62 90.62 20
63 90.63 20
64 90.64 20
65 90.65 20
66 90.66 20
67 90.67 20
68 90.68 20
69 90.69 20
71 90.71 20
72 90.72 20
73 90.73 20
74 90.74 20
80 90.8 20
81 90.81 20
82 90.82 20
83 90.83 20
84 90.84 20
87 90.87 20
90 90.9 20
50 91.5 20
51 91.51 20
52 91.52 20
55 91.55 20
57 91.57 20
58 91.58 20
59 91.59 20
61 91.61 20
64 91.64 20
65 91.65 20
66 91.66 20
68 91.68 20
70 91.7 20
71 91.71 20
72 91.72 20
73 91.73 20
74 91.74 20
75 91.75 20
80 91.8 20
81 91.81 20
82 91.82 20
84 91.84 20
86 91.86 20
87 91.87 20
88 91.88 20
90 91.9 20
91 91.91 20
94 91.94 20
95 91.95 20
0 92.0 20
50 92.5 20
51 92.51 20
58 92.58 20
60 92.6 20
62 92.62 20
63 92.63 20
64 92.64 20
65 92.65 20
69 92.69 20
70 92.7 20
71 92.71 20
72 92.72 20
73 92.73 20
85 92.85 20
86 92.86 20
87 92.87 20
88 92.88 20
89 92.89 20
94 92.94 20
95 92.95 20
99 92.99 20
0 93.0 20
51 93.51 20
52 93.52 20
63 93.63 20
64 93.64 20
69 93.69 20
70 93.7 20
71 93.71 20
72 93.72 20
73 93.73 20
74 93.74 20
88 93.88 20
89 93.89 20
90 93.9 20
51 94.51 20
52 94.52 20
68 94.68 20
69 94.69 20
70 94.7 20
71 94.71 20
72 94.72 20
73 94.73 20
74 94.74 20
75 94.75 20
77 94.77 20
82 94.82 20
83 94.83 20
84 94.84 20
85 94.85 20
99 94.99 20
0 95.0 20
51 95.51 20
52 95.52 20
68 95.68 20
69 95.69 20
70 95.7 20
71 95.71 20
72 95.72 20
73 95.73 20
74 95.74 20
77 95.77 20
82 95.82 20
83 95.83 20
84 95.84 20
85 95.85 20
99 95.99 20
0 96.0 20
51 96.51 20
52 96.52 20
68 96.68 20
72 96.72 20
73 96.73 20
77 96.77 20
78 96.78 20
82 96.82 20
0 97.0 20
68 97.68 20
69 97.69 20
77 97.77 20
78 97.78 20
79 97.79 20
83 97.83 20
84 97.84 20
85 97.85 20
70 98.7 20
74 98.74 20
81 98.81 20
82 98.82 20
83 98.83 20
84 98.84 20
85 98.85 20
74 99.74 20
75 99.75 20
81 99.81 20
82 99.82 20
83 99.83 20
84 99.84 20
85 99.85 20
86 99.86 20
87 99.87 20
83 15.83 30
84 15.84 30
85 15.85 30
83 16.83 30
84 16.84 30
85 16.85 30
31 22.31 40
32 22.32 40
31 23.31 40
32 23.32 40
33 23.33 40
31 24.31 40
32 24.32 40
77 90.77 50
78 90.78 50
76 91.76 50
77 91.77 50
78 91.78 50
48 72.48 60
48 73.48 60
80 29.8 70
79 30.79 70
80 30.8 70
80 31.8 70
83 17.83 80
84 17.84 80
85 17.85 80
83 18.83 80
84 18.84 80
84 19.84 80
70 7.7 90
69 8.69 90
70 8.7 90
70 9.7 90
54 7.54 100
55 8.55 100
1 90.01 110
2 90.02 110
3 90.03 110
2 91.02 110
3 91.03 110
4 91.04 110
24 73.24 120
26 74.26 120
24 75.24 120
25 75.25 120
26 75.26 120
25 76.25 120
26 76.26 120
25 77.25 120
26 77.26 120
29 77.29 120
29 78.29 120
30 78.3 120
29 79.29 120
30 79.3 120
17 84.17 130
16 85.16 130
17 85.17 130
17 86.17 130
67 87.67 140
68 87.68 140
67 88.67 140
60 34.6 150
61 34.61 150
61 35.61 150
87 95.87 160
88 95.88 160
89 95.89 160
86 96.86 160
87 96.87 160
88 96.88 160
89 96.89 160
88 97.88 160
89 97.89 160
90 97.9 160
83 96.83 170
84 96.84 170
86 97.86 170
86 98.86 170
88 98.88 170
85 12.85 180
86 12.86 180
86 13.86 180
87 13.87 180
88 13.88 180
86 14.86 180
87 14.87 180
88 14.88 180
88 65.88 190
89 65.89 190
88 66.88 190
89 66.89 190
89 67.89 190
84 21.84 200
85 21.85 200
84 22.84 200
85 22.85 200
84 23.84 200
85 23.85 200
90 88.9 210
91 88.91 210
90 89.9 210
91 89.91 210
92 89.92 210
91 90.91 210
82 72.82 220
83 72.83 220
85 24.85 230
86 24.86 230
85 25.85 230
86 25.86 230
46 97.46 240
47 97.47 240
80 92.8 250
80 93.8 250
81 93.81 250
77 98.77 260
76 99.76 260
77 99.77 260
78 99.78 260
53 14.53 270
54 14.54 270
51 74.51 280
52 74.52 280
74 57.74 290
75 57.75 290
76 57.76 290
75 58.75 290
78 92.78 300
78 93.78 300
66 68.66 310
67 68.67 310
52 84.52 320
52 85.52 320
52 86.52 320
74 77.74 330
73 78.73 330
26 48.26 340
26 49.26 340
27 49.27 340
27 50.27 340
