#X Y Z
95 47.95 10
96 47.96 10
97 47.97 10
98 47.98 10
94 48.94 10
95 48.95 10
96 48.96 10
97 48.97 10
98 48.98 10
95 49.95 10
96 49.96 10
97 49.97 10
98 49.98 10
96 50.96 10
48 0.48 20
59 0.59 20
60 0.6 20
61 0.61 20
62 0.62 20
63 0.63 20
64 0.64 20
47 1.47 20
59 1.59 20
60 1.6 20
61 1.61 20
62 1.62 20
63 1.63 20
64 1.64 20
60 2.6 20
61 2.61 20
62 2.62 20
63 2.63 20
64 2.64 20
61 3.61 20
62 3.62 20
63 3.63 20
57 4.57 20
61 4.61 20
62 4.62 20
59 5.59 20
59 6.59 20
60 6.6 20
55 7.55 20
57 7.57 20
58 7.58 20
60 7.6 20
61 7.61 20
49 8.49 20
50 8.5 20
51 8.51 20
54 8.54 20
55 8.55 20
56 8.56 20
57 8.57 20
58 8.58 20
50 9.5 20
51 9.51 20
52 9.52 20
57 9.57 20
58 9.58 20
64 9.64 20
66 9.66 20
67 9.67 20
68 9.68 20
51 10.51 20
52 10.52 20
53 10.53 20
64 10.64 20
66 10.66 20
51 11.51 20
52 11.52 20
55 11.55 20
56 11.56 20
64 11.64 20
51 12.51 20
52 12.52 20
53 12.53 20
55 12.55 20
56 12.56 20
57 12.57 20
58 12.58 20
59 12.59 20
60 12.6 20
85 12.85 20
86 12.86 20
46 13.46 20
52 13.52 20
53 13.53 20
54 13.54 20
55 13.55 20
86 13.86 20
87 13.87 20
88 13.88 20
44 14.44 20
45 14.45 20
46 14.46 20
47 14.47 20
52 14.52 20
53 14.53 20
54 14.54 20
86 14.86 20
87 14.87 20
88 14.88 20
92 14.92 20
93 14.93 20
44 15.44 20
45 15.45 20
46 15.46 20
52 15.52 20
53 15.53 20
54 15.54 20
55 15.55 20
91 15.91 20
92 15.92 20
93 15.93 20
98 15.98 20
99 15.99 20
47 16.47 20
48 16.48 20
52 16.52 20
53 16.53 20
54 16.54 20
55 16.55 20
56 16.56 20
91 16.91 20
92 16.92 20
93 16.93 20
94 16.94 20
98 16.98 20
99 16.99 20
46 17.46 20
47 17.47 20
48 17.48 20
52 17.52 20
53 17.53 20
54 17.54 20
55 17.55 20
56 17.56 20
57 17.57 20
83 17.83 20
84 17.84 20
92 17.92 20
93 17.93 20
94 17.94 20
95 17.95 20
96 17.96 20
97 17.97 20
47 18.47 20
48 18.48 20
49 18.49 20
52 18.52 20
53 18.53 20
55 18.55 20
56 18.56 20
57 18.57 20
83 18.83 20
84 18.84 20
85 18.85 20
86 18.86 20
94 18.94 20
97 18.97 20
46 19.46 20
47 19.47 20
48 19.48 20
49 19.49 20
50 19.5 20
51 19.51 20
52 19.52 20
53 19.53 20
84 19.84 20
85 19.85 20
86 19.86 20
87 19.87 20
34 20.34 20
35 20.35 20
46 20.46 20
47 20.47 20
48 20.48 20
49 20.49 20
51 20.51 20
52 20.52 20
84 20.84 20
86 20.86 20
87 20.87 20
33 21.33 20
34 21.34 20
35 21.35 20
36 21.36 20
45 21.45 20
46 21.46 20
48 21.48 20
49 21.49 20
51 21.51 20
52 21.52 20
64 21.64 20
65 21.65 20
66 21.66 20
67 21.67 20
82 21.82 20
83 21.83 20
84 21.84 20
34 22.34 20
35 22.35 20
36 22.36 20
37 22.37 20
38 22.38 20
39 22.39 20
45 22.45 20
47 22.47 20
48 22.48 20
65 22.65 20
66 22.66 20
67 22.67 20
82 22.82 20
84 22.84 20
85 22.85 20
34 23.34 20
35 23.35 20
36 23.36 20
37 23.37 20
38 23.38 20
39 23.39 20
47 23.47 20
48 23.48 20
66 23.66 20
82 23.82 20
35 24.35 20
36 24.36 20
31 25.31 20
54 25.54 20
55 25.55 20
30 26.3 20
31 26.31 20
32 26.32 20
37 26.37 20
38 26.38 20
53 26.53 20
54 26.54 20
55 26.55 20
82 26.82 20
83 26.83 20
16 27.16 20
31 27.31 20
35 27.35 20
36 27.36 20
37 27.37 20
38 27.38 20
39 27.39 20
83 27.83 20
35 28.35 20
36 28.36 20
37 28.37 20
38 28.38 20
81 28.81 20
82 28.82 20
83 28.83 20
19 29.19 20
20 29.2 20
21 29.21 20
33 29.33 20
34 29.34 20
35 29.35 20
36 29.36 20
37 29.37 20
38 29.38 20
81 29.81 20
82 29.82 20
83 29.83 20
84 29.84 20
14 30.14 20
15 30.15 20
16 30.16 20
17 30.17 20
18 30.18 20
19 30.19 20
20 30.2 20
21 30.21 20
22 30.22 20
23 30.23 20
34 30.34 20
35 30.35 20
36 30.36 20
37 30.37 20
81 30.81 20
82 30.82 20
83 30.83 20
84 30.84 20
15 31.15 20
16 31.16 20
17 31.17 20
18 31.18 20
19 31.19 20
21 31.21 20
22 31.22 20
30 31.3 20
35 31.35 20
36 31.36 20
16 32.16 20
17 32.17 20
18 32.18 20
20 32.2 20
21 32.21 20
26 32.26 20
30 32.3 20
31 32.31 20
33 32.33 20
34 32.34 20
35 32.35 20
36 32.36 20
20 33.2 20
21 33.21 20
25 33.25 20
26 33.26 20
30 33.3 20
31 33.31 20
32 33.32 20
33 33.33 20
34 33.34 20
35 33.35 20
36 33.36 20
37 33.37 20
13 34.13 20
14 34.14 20
20 34.2 20
21 34.21 20
26 34.26 20
27 34.27 20
28 34.28 20
29 34.29 20
31 34.31 20
32 34.32 20
33 34.33 20
34 34.34 20
35 34.35 20
36 34.36 20
37 34.37 20
13 35.13 20
26 35.26 20
27 35.27 20
28 35.28 20
29 35.29 20
32 35.32 20
37 35.37 20
47 35.47 20
48 35.48 20
49 35.49 20
50 35.5 20
54 35.54 20
55 35.55 20
56 35.56 20
58 35.58 20
59 35.59 20
65 35.65 20
88 35.88 20
25 36.25 20
26 36.26 20
27 36.27 20
28 36.28 20
29 36.29 20
31 36.31 20
33 36.33 20
35 36.35 20
36 36.36 20
47 36.47 20
48 36.48 20
50 36.5 20
55 36.55 20
56 36.56 20
58 36.58 20
61 36.61 20
62 36.62 20
63 36.63 20
64 36.64 20
65 36.65 20
71 36.71 20
74 36.74 20
75 36.75 20
76 36.76 20
85 36.85 20
86 36.86 20
25 37.25 20
26 37.26 20
27 37.27 20
28 37.28 20
29 37.29 20
30 37.3 20
31 37.31 20
32 37.32 20
33 37.33 20
34 37.34 20
35 37.35 20
36 37.36 20
48 37.48 20
49 37.49 20
50 37.5 20
51 37.51 20
54 37.54 20
55 37.55 20
56 37.56 20
57 37.57 20
59 37.59 20
60 37.6 20
61 37.61 20
62 37.62 20
63 37.63 20
64 37.64 20
65 37.65 20
69 37.69 20
71 37.71 20
72 37.72 20
74 37.74 20
75 37.75 20
76 37.76 20
23 38.23 20
24 38.24 20
25 38.25 20
26 38.26 20
30 38.3 20
31 38.31 20
32 38.32 20
33 38.33 20
34 38.34 20
46 38.46 20
47 38.47 20
48 38.48 20
50 38.5 20
51 38.51 20
52 38.52 20
53 38.53 20
54 38.54 20
55 38.55 20
56 38.56 20
57 38.57 20
58 38.58 20
61 38.61 20
62 38.62 20
63 38.63 20
64 38.64 20
65 38.65 20
66 38.66 20
67 38.67 20
68 38.68 20
69 38.69 20
71 38.71 20
72 38.72 20
74 38.74 20
75 38.75 20
76 38.76 20
82 38.82 20
26 39.26 20
29 39.29 20
31 39.31 20
32 39.32 20
44 39.44 20
45 39.45 20
48 39.48 20
49 39.49 20
51 39.51 20
52 39.52 20
53 39.53 20
54 39.54 20
55 39.55 20
56 39.56 20
57 39.57 20
58 39.58 20
59 39.59 20
60 39.6 20
61 39.61 20
62 39.62 20
63 39.63 20
64 39.64 20
65 39.65 20
66 39.66 20
67 39.67 20
68 39.68 20
69 39.69 20
70 39.7 20
71 39.71 20
72 39.72 20
74 39.74 20
75 39.75 20
81 39.81 20
82 39.82 20
83 39.83 20
30 40.3 20
31 40.31 20
32 40.32 20
33 40.33 20
38 40.38 20
44 40.44 20
45 40.45 20
46 40.46 20
47 40.47 20
48 40.48 20
49 40.49 20
51 40.51 20
52 40.52 20
53 40.53 20
54 40.54 20
55 40.55 20
56 40.56 20
57 40.57 20
58 40.58 20
59 40.59 20
60 40.6 20
62 40.62 20
63 40.63 20
64 40.64 20
65 40.65 20
67 40.67 20
68 40.68 20
69 40.69 20
70 40.7 20
71 40.71 20
74 40.74 20
81 40.81 20
82 40.82 20
83 40.83 20
28 41.28 20
29 41.29 20
31 41.31 20
33 41.33 20
44 41.44 20
45 41.45 20
46 41.46 20
47 41.47 20
48 41.48 20
49 41.49 20
50 41.5 20
51 41.51 20
52 41.52 20
53 41.53 20
54 41.54 20
55 41.55 20
56 41.56 20
57 41.57 20
58 41.58 20
59 41.59 20
60 41.6 20
61 41.61 20
62 41.62 20
63 41.63 20
64 41.64 20
65 41.65 20
66 41.66 20
68 41.68 20
69 41.69 20
70 41.7 20
71 41.71 20
72 41.72 20
73 41.73 20
81 41.81 20
82 41.82 20
83 41.83 20
19 42.19 20
26 42.26 20
27 42.27 20
28 42.28 20
29 42.29 20
38 42.38 20
39 42.39 20
40 42.4 20
44 42.44 20
45 42.45 20
46 42.46 20
47 42.47 20
48 42.48 20
49 42.49 20
50 42.5 20
51 42.51 20
52 42.52 20
53 42.53 20
54 42.54 20
55 42.55 20
56 42.56 20
57 42.57 20
58 42.58 20
59 42.59 20
60 42.6 20
61 42.61 20
62 42.62 20
63 42.63 20
64 42.64 20
65 42.65 20
66 42.66 20
67 42.67 20
68 42.68 20
69 42.69 20
70 42.7 20
71 42.71 20
72 42.72 20
76 42.76 20
77 42.77 20
78 42.78 20
80 42.8 20
81 42.81 20
82 42.82 20
83 42.83 20
19 43.19 20
20 43.2 20
25 43.25 20
26 43.26 20
27 43.27 20
28 43.28 20
29 43.29 20
35 43.35 20
36 43.36 20
37 43.37 20
39 43.39 20
40 43.4 20
41 43.41 20
42 43.42 20
43 43.43 20
44 43.44 20
45 43.45 20
46 43.46 20
47 43.47 20
48 43.48 20
49 43.49 20
50 43.5 20
51 43.51 20
52 43.52 20
53 43.53 20
54 43.54 20
55 43.55 20
56 43.56 20
57 43.57 20
58 43.58 20
59 43.59 20
60 43.6 20
61 43.61 20
62 43.62 20
63 43.63 20
64 43.64 20
65 43.65 20
66 43.66 20
67 43.67 20
68 43.68 20
69 43.69 20
70 43.7 20
76 43.76 20
77 43.77 20
78 43.78 20
79 43.79 20
80 43.8 20
81 43.81 20
82 43.82 20
83 43.83 20
84 43.84 20
20 44.2 20
21 44.21 20
35 44.35 20
36 44.36 20
40 44.4 20
41 44.41 20
42 44.42 20
43 44.43 20
44 44.44 20
45 44.45 20
46 44.46 20
48 44.48 20
49 44.49 20
50 44.5 20
51 44.51 20
52 44.52 20
53 44.53 20
54 44.54 20
55 44.55 20
56 44.56 20
57 44.57 20
58 44.58 20
59 44.59 20
60 44.6 20
61 44.61 20
62 44.62 20
63 44.63 20
64 44.64 20
65 44.65 20
67 44.67 20
68 44.68 20
69 44.69 20
70 44.7 20
71 44.71 20
72 44.72 20
76 44.76 20
77 44.77 20
79 44.79 20
80 44.8 20
81 44.81 20
82 44.82 20
83 44.83 20
20 45.2 20
21 45.21 20
29 45.29 20
40 45.4 20
41 45.41 20
42 45.42 20
43 45.43 20
44 45.44 20
45 45.45 20
46 45.46 20
47 45.47 20
48 45.48 20
49 45.49 20
50 45.5 20
51 45.51 20
52 45.52 20
53 45.53 20
54 45.54 20
55 45.55 20
56 45.56 20
57 45.57 20
58 45.58 20
59 45.59 20
60 45.6 20
61 45.61 20
62 45.62 20
63 45.63 20
64 45.64 20
65 45.65 20
66 45.66 20
67 45.67 20
68 45.68 20
69 45.69 20
70 45.7 20
72 45.72 20
80 45.8 20
81 45.81 20
82 45.82 20
38 46.38 20
39 46.39 20
40 46.4 20
42 46.42 20
43 46.43 20
44 46.44 20
45 46.45 20
46 46.46 20
47 46.47 20
48 46.48 20
49 46.49 20
50 46.5 20
51 46.51 20
52 46.52 20
53 46.53 20
54 46.54 20
55 46.55 20
56 46.56 20
57 46.57 20
58 46.58 20
59 46.59 20
60 46.6 20
61 46.61 20
62 46.62 20
63 46.63 20
64 46.64 20
65 46.65 20
66 46.66 20
67 46.67 20
68 46.68 20
69 46.69 20
70 46.7 20
71 46.71 20
72 46.72 20
78 46.78 20
79 46.79 20
80 46.8 20
81 46.81 20
82 46.82 20
26 47.26 20
27 47.27 20
38 47.38 20
39 47.39 20
40 47.4 20
41 47.41 20
42 47.42 20
43 47.43 20
44 47.44 20
45 47.45 20
46 47.46 20
47 47.47 20
48 47.48 20
49 47.49 20
50 47.5 20
51 47.51 20
52 47.52 20
53 47.53 20
54 47.54 20
55 47.55 20
56 47.56 20
57 47.57 20
58 47.58 20
59 47.59 20
60 47.6 20
61 47.61 20
62 47.62 20
63 47.63 20
64 47.64 20
65 47.65 20
66 47.66 20
67 47.67 20
68 47.68 20
69 47.69 20
76 47.76 20
77 47.77 20
78 47.78 20
79 47.79 20
80 47.8 20
81 47.81 20
82 47.82 20
83 47.83 20
27 48.27 20
30 48.3 20
39 48.39 20
40 48.4 20
41 48.41 20
42 48.42 20
43 48.43 20
45 48.45 20
46 48.46 20
47 48.47 20
48 48.48 20
49 48.49 20
50 48.5 20
51 48.51 20
52 48.52 20
53 48.53 20
54 48.54 20
57 48.57 20
58 48.58 20
59 48.59 20
60 48.6 20
61 48.61 20
62 48.62 20
64 48.64 20
65 48.65 20
66 48.66 20
67 48.67 20
68 48.68 20
70 48.7 20
71 48.71 20
73 48.73 20
74 48.74 20
76 48.76 20
77 48.77 20
78 48.78 20
79 48.79 20
80 48.8 20
81 48.81 20
82 48.82 20
83 48.83 20
84 48.84 20
89 48.89 20
90 48.9 20
18 49.18 20
28 49.28 20
29 49.29 20
30 49.3 20
40 49.4 20
42 49.42 20
43 49.43 20
44 49.44 20
45 49.45 20
46 49.46 20
47 49.47 20
48 49.48 20
49 49.49 20
50 49.5 20
51 49.51 20
52 49.52 20
53 49.53 20
54 49.54 20
55 49.55 20
57 49.57 20
58 49.58 20
59 49.59 20
60 49.6 20
61 49.61 20
63 49.63 20
64 49.64 20
65 49.65 20
66 49.66 20
67 49.67 20
68 49.68 20
69 49.69 20
70 49.7 20
71 49.71 20
72 49.72 20
73 49.73 20
74 49.74 20
77 49.77 20
78 49.78 20
79 49.79 20
81 49.81 20
82 49.82 20
83 49.83 20
84 49.84 20
85 49.85 20
86 49.86 20
88 49.88 20
89 49.89 20
91 49.91 20
92 49.92 20
18 50.18 20
19 50.19 20
28 50.28 20
30 50.3 20
31 50.31 20
39 50.39 20
40 50.4 20
41 50.41 20
42 50.42 20
43 50.43 20
44 50.44 20
45 50.45 20
46 50.46 20
47 50.47 20
48 50.48 20
49 50.49 20
50 50.5 20
51 50.51 20
52 50.52 20
53 50.53 20
54 50.54 20
55 50.55 20
56 50.56 20
57 50.57 20
58 50.58 20
59 50.59 20
60 50.6 20
61 50.61 20
62 50.62 20
63 50.63 20
64 50.64 20
65 50.65 20
66 50.66 20
67 50.67 20
68 50.68 20
69 50.69 20
70 50.7 20
71 50.71 20
72 50.72 20
73 50.73 20
74 50.74 20
78 50.78 20
79 50.79 20
81 50.81 20
83 50.83 20
84 50.84 20
85 50.85 20
86 50.86 20
89 50.89 20
90 50.9 20
91 50.91 20
18 51.18 20
19 51.19 20
20 51.2 20
24 51.24 20
25 51.25 20
26 51.26 20
40 51.4 20
41 51.41 20
42 51.42 20
43 51.43 20
44 51.44 20
45 51.45 20
46 51.46 20
47 51.47 20
48 51.48 20
50 51.5 20
51 51.51 20
52 51.52 20
53 51.53 20
54 51.54 20
55 51.55 20
56 51.56 20
57 51.57 20
59 51.59 20
60 51.6 20
61 51.61 20
62 51.62 20
64 51.64 20
65 51.65 20
66 51.66 20
67 51.67 20
68 51.68 20
69 51.69 20
70 51.7 20
71 51.71 20
72 51.72 20
73 51.73 20
74 51.74 20
75 51.75 20
79 51.79 20
80 51.8 20
81 51.81 20
24 52.24 20
25 52.25 20
26 52.26 20
29 52.29 20
30 52.3 20
34 52.34 20
35 52.35 20
40 52.4 20
41 52.41 20
42 52.42 20
43 52.43 20
44 52.44 20
45 52.45 20
46 52.46 20
47 52.47 20
48 52.48 20
50 52.5 20
51 52.51 20
52 52.52 20
53 52.53 20
54 52.54 20
55 52.55 20
56 52.56 20
57 52.57 20
58 52.58 20
59 52.59 20
60 52.6 20
61 52.61 20
62 52.62 20
63 52.63 20
64 52.64 20
65 52.65 20
66 52.66 20
67 52.67 20
68 52.68 20
69 52.69 20
70 52.7 20
71 52.71 20
72 52.72 20
73 52.73 20
74 52.74 20
75 52.75 20
77 52.77 20
78 52.78 20
81 52.81 20
34 53.34 20
35 53.35 20
37 53.37 20
41 53.41 20
42 53.42 20
43 53.43 20
44 53.44 20
45 53.45 20
46 53.46 20
47 53.47 20
48 53.48 20
49 53.49 20
50 53.5 20
51 53.51 20
52 53.52 20
53 53.53 20
54 53.54 20
55 53.55 20
57 53.57 20
58 53.58 20
59 53.59 20
60 53.6 20
61 53.61 20
63 53.63 20
64 53.64 20
65 53.65 20
66 53.66 20
67 53.67 20
68 53.68 20
69 53.69 20
70 53.7 20
71 53.71 20
72 53.72 20
75 53.75 20
77 53.77 20
78 53.78 20
37 54.37 20
40 54.4 20
41 54.41 20
42 54.42 20
43 54.43 20
44 54.44 20
45 54.45 20
46 54.46 20
47 54.47 20
48 54.48 20
49 54.49 20
50 54.5 20
51 54.51 20
52 54.52 20
53 54.53 20
54 54.54 20
55 54.55 20
56 54.56 20
57 54.57 20
58 54.58 20
59 54.59 20
60 54.6 20
61 54.61 20
62 54.62 20
63 54.63 20
64 54.64 20
65 54.65 20
66 54.66 20
67 54.67 20
68 54.68 20
69 54.69 20
70 54.7 20
71 54.71 20
72 54.72 20
73 54.73 20
75 54.75 20
76 54.76 20
77 54.77 20
78 54.78 20
79 54.79 20
38 55.38 20
39 55.39 20
40 55.4 20
43 55.43 20
44 55.44 20
45 55.45 20
46 55.46 20
47 55.47 20
48 55.48 20
49 55.49 20
50 55.5 20
51 55.51 20
52 55.52 20
53 55.53 20
54 55.54 20
55 55.55 20
57 55.57 20
58 55.58 20
59 55.59 20
60 55.6 20
61 55.61 20
62 55.62 20
63 55.63 20
64 55.64 20
65 55.65 20
66 55.66 20
67 55.67 20
68 55.68 20
69 55.69 20
70 55.7 20
71 55.71 20
74 55.74 20
75 55.75 20
76 55.76 20
77 55.77 20
78 55.78 20
79 55.79 20
80 55.8 20
36 56.36 20
37 56.37 20
38 56.38 20
39 56.39 20
40 56.4 20
43 56.43 20
44 56.44 20
45 56.45 20
46 56.46 20
47 56.47 20
48 56.48 20
49 56.49 20
50 56.5 20
51 56.51 20
53 56.53 20
54 56.54 20
55 56.55 20
57 56.57 20
58 56.58 20
59 56.59 20
60 56.6 20
61 56.61 20
62 56.62 20
63 56.63 20
64 56.64 20
65 56.65 20
66 56.66 20
67 56.67 20
68 56.68 20
69 56.69 20
70 56.7 20
71 56.71 20
72 56.72 20
73 56.73 20
74 56.74 20
75 56.75 20
76 56.76 20
77 56.77 20
78 56.78 20
79 56.79 20
36 57.36 20
37 57.37 20
39 57.39 20
40 57.4 20
44 57.44 20
45 57.45 20
46 57.46 20
47 57.47 20
48 57.48 20
49 57.49 20
50 57.5 20
51 57.51 20
52 57.52 20
53 57.53 20
54 57.54 20
55 57.55 20
56 57.56 20
57 57.57 20
58 57.58 20
59 57.59 20
60 57.6 20
61 57.61 20
62 57.62 20
63 57.63 20
64 57.64 20
65 57.65 20
66 57.66 20
67 57.67 20
68 57.68 20
69 57.69 20
70 57.7 20
71 57.71 20
72 57.72 20
73 57.73 20
74 57.74 20
75 57.75 20
76 57.76 20
77 57.77 20
78 57.78 20
79 57.79 20
80 57.8 20
44 58.44 20
45 58.45 20
46 58.46 20
47 58.47 20
48 58.48 20
49 58.49 20
50 58.5 20
51 58.51 20
52 58.52 20
53 58.53 20
54 58.54 20
55 58.55 20
56 58.56 20
57 58.57 20
58 58.58 20
59 58.59 20
60 58.6 20
61 58.61 20
63 58.63 20
64 58.64 20
65 58.65 20
66 58.66 20
67 58.67 20
68 58.68 20
69 58.69 20
70 58.7 20
71 58.71 20
72 58.72 20
73 58.73 20
74 58.74 20
75 58.75 20
76 58.76 20
77 58.77 20
78 58.78 20
80 58.8 20
40 59.4 20
45 59.45 20
46 59.46 20
47 59.47 20
48 59.48 20
49 59.49 20
50 59.5 20
51 59.51 20
52 59.52 20
53 59.53 20
54 59.54 20
55 59.55 20
56 59.56 20
57 59.57 20
58 59.58 20
59 59.59 20
61 59.61 20
65 59.65 20
66 59.66 20
67 59.67 20
68 59.68 20
69 59.69 20
70 59.7 20
71 59.71 20
72 59.72 20
73 59.73 20
74 59.74 20
75 59.75 20
76 59.76 20
77 59.77 20
78 59.78 20
79 59.79 20
80 59.8 20
81 59.81 20
99 59.99 20
0 60.0 20
45 60.45 20
46 60.46 20
47 60.47 20
48 60.48 20
49 60.49 20
50 60.5 20
51 60.51 20
52 60.52 20
53 60.53 20
54 60.54 20
55 60.55 20
56 60.56 20
57 60.57 20
58 60.58 20
59 60.59 20
63 60.63 20
65 60.65 20
66 60.66 20
67 60.67 20
68 60.68 20
69 60.69 20
70 60.7 20
71 60.71 20
72 60.72 20
73 60.73 20
74 60.74 20
75 60.75 20
76 60.76 20
77 60.77 20
78 60.78 20
80 60.8 20
81 60.81 20
82 60.82 20
98 60.98 20
99 60.99 20
0 61.0 20
36 61.36 20
44 61.44 20
45 61.45 20
46 61.46 20
47 61.47 20
48 61.48 20
49 61.49 20
50 61.5 20
51 61.51 20
52 61.52 20
53 61.53 20
55 61.55 20
57 61.57 20
58 61.58 20
59 61.59 20
60 61.6 20
61 61.61 20
62 61.62 20
63 61.63 20
66 61.66 20
67 61.67 20
68 61.68 20
69 61.69 20
70 61.7 20
71 61.71 20
72 61.72 20
73 61.73 20
74 61.74 20
75 61.75 20
76 61.76 20
77 61.77 20
78 61.78 20
79 61.79 20
99 61.99 20
0 62.0 20
18 62.18 20
35 62.35 20
36 62.36 20
37 62.37 20
45 62.45 20
46 62.46 20
47 62.47 20
48 62.48 20
49 62.49 20
50 62.5 20
51 62.51 20
52 62.52 20
53 62.53 20
55 62.55 20
56 62.56 20
57 62.57 20
58 62.58 20
59 62.59 20
60 62.6 20
61 62.61 20
62 62.62 20
63 62.63 20
66 62.66 20
67 62.67 20
71 62.71 20
72 62.72 20
73 62.73 20
74 62.74 20
75 62.75 20
76 62.76 20
78 62.78 20
79 62.79 20
17 63.17 20
18 63.18 20
19 63.19 20
34 63.34 20
35 63.35 20
36 63.36 20
37 63.37 20
45 63.45 20
46 63.46 20
47 63.47 20
48 63.48 20
49 63.49 20
50 63.5 20
51 63.51 20
52 63.52 20
53 63.53 20
54 63.54 20
55 63.55 20
56 63.56 20
57 63.57 20
58 63.58 20
59 63.59 20
60 63.6 20
61 63.61 20
62 63.62 20
63 63.63 20
64 63.64 20
65 63.65 20
66 63.66 20
67 63.67 20
69 63.69 20
70 63.7 20
71 63.71 20
72 63.72 20
73 63.73 20
74 63.74 20
75 63.75 20
76 63.76 20
78 63.78 20
79 63.79 20
96 63.96 20
97 63.97 20
33 64.33 20
36 64.36 20
44 64.44 20
45 64.45 20
46 64.46 20
47 64.47 20
48 64.48 20
50 64.5 20
51 64.51 20
52 64.52 20
53 64.53 20
54 64.54 20
55 64.55 20
56 64.56 20
57 64.57 20
58 64.58 20
59 64.59 20
60 64.6 20
61 64.61 20
62 64.62 20
63 64.63 20
64 64.64 20
65 64.65 20
66 64.66 20
68 64.68 20
69 64.69 20
70 64.7 20
72 64.72 20
73 64.73 20
74 64.74 20
75 64.75 20
76 64.76 20
77 64.77 20
78 64.78 20
79 64.79 20
83 64.83 20
96 64.96 20
97 64.97 20
33 65.33 20
45 65.45 20
46 65.46 20
47 65.47 20
48 65.48 20
49 65.49 20
50 65.5 20
51 65.51 20
52 65.52 20
53 65.53 20
54 65.54 20
55 65.55 20
57 65.57 20
58 65.58 20
59 65.59 20
60 65.6 20
61 65.61 20
62 65.62 20
63 65.63 20
64 65.64 20
65 65.65 20
66 65.66 20
67 65.67 20
68 65.68 20
69 65.69 20
70 65.7 20
71 65.71 20
72 65.72 20
73 65.73 20
74 65.74 20
75 65.75 20
76 65.76 20
77 65.77 20
84 65.84 20
85 65.85 20
86 65.86 20
97 65.97 20
28 66.28 20
34 66.34 20
35 66.35 20
38 66.38 20
39 66.39 20
45 66.45 20
46 66.46 20
47 66.47 20
51 66.51 20
52 66.52 20
53 66.53 20
54 66.54 20
55 66.55 20
56 66.56 20
57 66.57 20
58 66.58 20
59 66.59 20
60 66.6 20
61 66.61 20
62 66.62 20
63 66.63 20
64 66.64 20
65 66.65 20
67 66.67 20
69 66.69 20
71 66.71 20
72 66.72 20
73 66.73 20
74 66.74 20
75 66.75 20
85 66.85 20
86 66.86 20
95 66.95 20
26 67.26 20
28 67.28 20
38 67.38 20
39 67.39 20
44 67.44 20
45 67.45 20
46 67.46 20
47 67.47 20
51 67.51 20
52 67.52 20
53 67.53 20
54 67.54 20
55 67.55 20
56 67.56 20
57 67.57 20
58 67.58 20
59 67.59 20
60 67.6 20
61 67.61 20
62 67.62 20
63 67.63 20
64 67.64 20
65 67.65 20
66 67.66 20
67 67.67 20
68 67.68 20
69 67.69 20
70 67.7 20
71 67.71 20
72 67.72 20
73 67.73 20
74 67.74 20
75 67.75 20
86 67.86 20
94 67.94 20
95 67.95 20
96 67.96 20
97 67.97 20
98 67.98 20
99 67.99 20
26 68.26 20
27 68.27 20
28 68.28 20
29 68.29 20
30 68.3 20
45 68.45 20
46 68.46 20
49 68.49 20
50 68.5 20
51 68.51 20
52 68.52 20
53 68.53 20
54 68.54 20
55 68.55 20
56 68.56 20
57 68.57 20
58 68.58 20
59 68.59 20
60 68.6 20
62 68.62 20
63 68.63 20
64 68.64 20
66 68.66 20
67 68.67 20
68 68.68 20
69 68.69 20
71 68.71 20
72 68.72 20
73 68.73 20
75 68.75 20
76 68.76 20
83 68.83 20
94 68.94 20
95 68.95 20
96 68.96 20
98 68.98 20
99 68.99 20
26 69.26 20
27 69.27 20
29 69.29 20
30 69.3 20
31 69.31 20
49 69.49 20
50 69.5 20
51 69.51 20
52 69.52 20
53 69.53 20
54 69.54 20
55 69.55 20
56 69.56 20
57 69.57 20
58 69.58 20
59 69.59 20
60 69.6 20
62 69.62 20
64 69.64 20
65 69.65 20
66 69.66 20
67 69.67 20
68 69.68 20
69 69.69 20
70 69.7 20
71 69.71 20
72 69.72 20
73 69.73 20
74 69.74 20
75 69.75 20
76 69.76 20
81 69.81 20
82 69.82 20
83 69.83 20
23 70.23 20
24 70.24 20
25 70.25 20
28 70.28 20
29 70.29 20
31 70.31 20
32 70.32 20
37 70.37 20
38 70.38 20
39 70.39 20
40 70.4 20
41 70.41 20
43 70.43 20
50 70.5 20
51 70.51 20
52 70.52 20
53 70.53 20
54 70.54 20
55 70.55 20
56 70.56 20
57 70.57 20
58 70.58 20
59 70.59 20
61 70.61 20
62 70.62 20
63 70.63 20
64 70.64 20
65 70.65 20
66 70.66 20
67 70.67 20
70 70.7 20
71 70.71 20
72 70.72 20
73 70.73 20
74 70.74 20
75 70.75 20
80 70.8 20
81 70.81 20
82 70.82 20
83 70.83 20
92 70.92 20
93 70.93 20
23 71.23 20
24 71.24 20
25 71.25 20
28 71.28 20
29 71.29 20
30 71.3 20
32 71.32 20
38 71.38 20
39 71.39 20
40 71.4 20
41 71.41 20
42 71.42 20
43 71.43 20
52 71.52 20
53 71.53 20
54 71.54 20
55 71.55 20
56 71.56 20
57 71.57 20
59 71.59 20
60 71.6 20
63 71.63 20
64 71.64 20
66 71.66 20
68 71.68 20
69 71.69 20
70 71.7 20
71 71.71 20
72 71.72 20
73 71.73 20
74 71.74 20
75 71.75 20
80 71.8 20
84 71.84 20
85 71.85 20
91 71.91 20
92 71.92 20
93 71.93 20
23 72.23 20
26 72.26 20
27 72.27 20
28 72.28 20
29 72.29 20
30 72.3 20
37 72.37 20
39 72.39 20
40 72.4 20
41 72.41 20
42 72.42 20
43 72.43 20
46 72.46 20
50 72.5 20
52 72.52 20
53 72.53 20
54 72.54 20
55 72.55 20
56 72.56 20
57 72.57 20
58 72.58 20
59 72.59 20
60 72.6 20
61 72.61 20
62 72.62 20
63 72.63 20
64 72.64 20
65 72.65 20
66 72.66 20
67 72.67 20
68 72.68 20
71 72.71 20
72 72.72 20
73 72.73 20
74 72.74 20
79 72.79 20
80 72.8 20
82 72.82 20
84 72.84 20
85 72.85 20
86 72.86 20
91 72.91 20
92 72.92 20
93 72.93 20
24 73.24 20
25 73.25 20
26 73.26 20
27 73.27 20
28 73.28 20
29 73.29 20
30 73.3 20
31 73.31 20
36 73.36 20
37 73.37 20
39 73.39 20
40 73.4 20
41 73.41 20
42 73.42 20
43 73.43 20
44 73.44 20
48 73.48 20
54 73.54 20
55 73.55 20
57 73.57 20
58 73.58 20
59 73.59 20
60 73.6 20
61 73.61 20
62 73.62 20
63 73.63 20
64 73.64 20
65 73.65 20
66 73.66 20
67 73.67 20
68 73.68 20
69 73.69 20
70 73.7 20
71 73.71 20
72 73.72 20
73 73.73 20
74 73.74 20
75 73.75 20
84 73.84 20
85 73.85 20
86 73.86 20
87 73.87 20
89 73.89 20
21 74.21 20
24 74.24 20
25 74.25 20
26 74.26 20
27 74.27 20
29 74.29 20
30 74.3 20
31 74.31 20
36 74.36 20
37 74.37 20
38 74.38 20
39 74.39 20
40 74.4 20
41 74.41 20
42 74.42 20
43 74.43 20
45 74.45 20
47 74.47 20
49 74.49 20
50 74.5 20
54 74.54 20
55 74.55 20
56 74.56 20
58 74.58 20
59 74.59 20
60 74.6 20
61 74.61 20
65 74.65 20
66 74.66 20
67 74.67 20
71 74.71 20
72 74.72 20
73 74.73 20
74 74.74 20
75 74.75 20
76 74.76 20
78 74.78 20
79 74.79 20
86 74.86 20
87 74.87 20
89 74.89 20
90 74.9 20
91 74.91 20
15 75.15 20
20 75.2 20
21 75.21 20
23 75.23 20
24 75.24 20
25 75.25 20
26 75.26 20
29 75.29 20
30 75.3 20
31 75.31 20
32 75.32 20
33 75.33 20
34 75.34 20
37 75.37 20
40 75.4 20
41 75.41 20
43 75.43 20
44 75.44 20
45 75.45 20
47 75.47 20
48 75.48 20
49 75.49 20
50 75.5 20
51 75.51 20
52 75.52 20
53 75.53 20
54 75.54 20
58 75.58 20
59 75.59 20
60 75.6 20
62 75.62 20
66 75.66 20
67 75.67 20
68 75.68 20
70 75.7 20
71 75.71 20
73 75.73 20
74 75.74 20
75 75.75 20
78 75.78 20
79 75.79 20
85 75.85 20
86 75.86 20
89 75.89 20
90 75.9 20
15 76.15 20
16 76.16 20
21 76.21 20
22 76.22 20
23 76.23 20
24 76.24 20
25 76.25 20
26 76.26 20
30 76.3 20
31 76.31 20
32 76.32 20
33 76.33 20
35 76.35 20
36 76.36 20
41 76.41 20
43 76.43 20
44 76.44 20
46 76.46 20
47 76.47 20
48 76.48 20
49 76.49 20
50 76.5 20
51 76.51 20
52 76.52 20
53 76.53 20
54 76.54 20
61 76.61 20
62 76.62 20
64 76.64 20
65 76.65 20
66 76.66 20
67 76.67 20
68 76.68 20
69 76.69 20
70 76.7 20
71 76.71 20
72 76.72 20
73 76.73 20
79 76.79 20
80 76.8 20
84 76.84 20
85 76.85 20
86 76.86 20
89 76.89 20
90 76.9 20
15 77.15 20
16 77.16 20
21 77.21 20
22 77.22 20
23 77.23 20
24 77.24 20
29 77.29 20
30 77.3 20
31 77.31 20
32 77.32 20
33 77.33 20
34 77.34 20
35 77.35 20
46 77.46 20
48 77.48 20
49 77.49 20
50 77.5 20
51 77.51 20
52 77.52 20
53 77.53 20
54 77.54 20
55 77.55 20
56 77.56 20
62 77.62 20
63 77.63 20
64 77.64 20
65 77.65 20
66 77.66 20
69 77.69 20
70 77.7 20
71 77.71 20
72 77.72 20
76 77.76 20
77 77.77 20
78 77.78 20
79 77.79 20
80 77.8 20
81 77.81 20
85 77.85 20
86 77.86 20
87 77.87 20
89 77.89 20
90 77.9 20
91 77.91 20
20 78.2 20
21 78.21 20
22 78.22 20
23 78.23 20
24 78.24 20
29 78.29 20
30 78.3 20
31 78.31 20
33 78.33 20
35 78.35 20
48 78.48 20
49 78.49 20
50 78.5 20
51 78.51 20
53 78.53 20
54 78.54 20
55 78.55 20
56 78.56 20
64 78.64 20
65 78.65 20
66 78.66 20
67 78.67 20
68 78.68 20
69 78.69 20
70 78.7 20
71 78.71 20
75 78.75 20
76 78.76 20
78 78.78 20
79 78.79 20
80 78.8 20
84 78.84 20
85 78.85 20
86 78.86 20
87 78.87 20
91 78.91 20
92 78.92 20
93 78.93 20
13 79.13 20
14 79.14 20
21 79.21 20
22 79.22 20
23 79.23 20
24 79.24 20
29 79.29 20
30 79.3 20
31 79.31 20
32 79.32 20
35 79.35 20
36 79.36 20
41 79.41 20
42 79.42 20
48 79.48 20
49 79.49 20
50 79.5 20
51 79.51 20
52 79.52 20
53 79.53 20
54 79.54 20
55 79.55 20
65 79.65 20
66 79.66 20
67 79.67 20
68 79.68 20
69 79.69 20
71 79.71 20
73 79.73 20
75 79.75 20
76 79.76 20
78 79.78 20
79 79.79 20
85 79.85 20
86 79.86 20
87 79.87 20
88 79.88 20
89 79.89 20
90 79.9 20
11 80.11 20
12 80.12 20
13 80.13 20
21 80.21 20
22 80.22 20
23 80.23 20
24 80.24 20
30 80.3 20
31 80.31 20
33 80.33 20
34 80.34 20
36 80.36 20
41 80.41 20
42 80.42 20
44 80.44 20
46 80.46 20
49 80.49 20
50 80.5 20
51 80.51 20
52 80.52 20
53 80.53 20
54 80.54 20
55 80.55 20
64 80.64 20
65 80.65 20
66 80.66 20
67 80.67 20
68 80.68 20
71 80.71 20
72 80.72 20
73 80.73 20
75 80.75 20
76 80.76 20
77 80.77 20
78 80.78 20
84 80.84 20
86 80.86 20
87 80.87 20
88 80.88 20
89 80.89 20
90 80.9 20
11 81.11 20
12 81.12 20
13 81.13 20
20 81.2 20
21 81.21 20
22 81.22 20
23 81.23 20
30 81.3 20
31 81.31 20
32 81.32 20
33 81.33 20
34 81.34 20
44 81.44 20
45 81.45 20
46 81.46 20
47 81.47 20
52 81.52 20
53 81.53 20
54 81.54 20
66 81.66 20
67 81.67 20
68 81.68 20
69 81.69 20
70 81.7 20
71 81.71 20
72 81.72 20
73 81.73 20
74 81.74 20
75 81.75 20
76 81.76 20
77 81.77 20
81 81.81 20
82 81.82 20
83 81.83 20
84 81.84 20
87 81.87 20
88 81.88 20
89 81.89 20
90 81.9 20
11 82.11 20
12 82.12 20
21 82.21 20
22 82.22 20
23 82.23 20
24 82.24 20
29 82.29 20
30 82.3 20
31 82.31 20
32 82.32 20
33 82.33 20
34 82.34 20
35 82.35 20
42 82.42 20
43 82.43 20
44 82.44 20
51 82.51 20
52 82.52 20
53 82.53 20
69 82.69 20
71 82.71 20
72 82.72 20
73 82.73 20
74 82.74 20
75 82.75 20
76 82.76 20
77 82.77 20
78 82.78 20
82 82.82 20
83 82.83 20
87 82.87 20
88 82.88 20
11 83.11 20
12 83.12 20
13 83.13 20
21 83.21 20
22 83.22 20
23 83.23 20
30 83.3 20
31 83.31 20
32 83.32 20
33 83.33 20
34 83.34 20
43 83.43 20
51 83.51 20
52 83.52 20
53 83.53 20
59 83.59 20
60 83.6 20
61 83.61 20
64 83.64 20
65 83.65 20
70 83.7 20
71 83.71 20
72 83.72 20
73 83.73 20
74 83.74 20
75 83.75 20
76 83.76 20
77 83.77 20
78 83.78 20
82 83.82 20
83 83.83 20
87 83.87 20
88 83.88 20
89 83.89 20
12 84.12 20
13 84.13 20
22 84.22 20
23 84.23 20
31 84.31 20
32 84.32 20
33 84.33 20
50 84.5 20
51 84.51 20
52 84.52 20
53 84.53 20
60 84.6 20
61 84.61 20
64 84.64 20
65 84.65 20
70 84.7 20
72 84.72 20
74 84.74 20
75 84.75 20
76 84.76 20
77 84.77 20
78 84.78 20
87 84.87 20
88 84.88 20
2 85.02 20
23 85.23 20
41 85.41 20
42 85.42 20
50 85.5 20
51 85.51 20
52 85.52 20
53 85.53 20
57 85.57 20
58 85.58 20
59 85.59 20
61 85.61 20
62 85.62 20
63 85.63 20
64 85.64 20
70 85.7 20
72 85.72 20
73 85.73 20
74 85.74 20
75 85.75 20
76 85.76 20
77 85.77 20
78 85.78 20
84 85.84 20
85 85.85 20
86 85.86 20
87 85.87 20
2 86.02 20
34 86.34 20
35 86.35 20
36 86.36 20
41 86.41 20
50 86.5 20
51 86.51 20
52 86.52 20
53 86.53 20
57 86.57 20
58 86.58 20
59 86.59 20
60 86.6 20
61 86.61 20
62 86.62 20
63 86.63 20
70 86.7 20
71 86.71 20
72 86.72 20
76 86.76 20
77 86.77 20
78 86.78 20
84 86.84 20
85 86.85 20
86 86.86 20
88 86.88 20
34 87.34 20
38 87.38 20
39 87.39 20
40 87.4 20
48 87.48 20
49 87.49 20
50 87.5 20
51 87.51 20
52 87.52 20
53 87.53 20
54 87.54 20
55 87.55 20
56 87.56 20
57 87.57 20
58 87.58 20
59 87.59 20
60 87.6 20
61 87.61 20
62 87.62 20
67 87.67 20
68 87.68 20
69 87.69 20
73 87.73 20
76 87.76 20
77 87.77 20
84 87.84 20
85 87.85 20
87 87.87 20
91 87.91 20
92 87.92 20
33 88.33 20
34 88.34 20
35 88.35 20
47 88.47 20
48 88.48 20
49 88.49 20
50 88.5 20
51 88.51 20
52 88.52 20
54 88.54 20
55 88.55 20
56 88.56 20
57 88.57 20
58 88.58 20
59 88.59 20
60 88.6 20
61 88.61 20
62 88.62 20
63 88.63 20
67 88.67 20
68 88.68 20
69 88.69 20
70 88.7 20
76 88.76 20
77 88.77 20
84 88.84 20
85 88.85 20
86 88.86 20
90 88.9 20
91 88.91 20
92 88.92 20
32 89.32 20
33 89.33 20
34 89.34 20
35 89.35 20
48 89.48 20
49 89.49 20
50 89.5 20
52 89.52 20
54 89.54 20
55 89.55 20
56 89.56 20
57 89.57 20
58 89.58 20
59 89.59 20
60 89.6 20
61 89.61 20
62 89.62 20
63 89.63 20
64 89.64 20
65 89.65 20
66 89.66 20
67 89.67 20
68 89.68 20
69 89.69 20
71 89.71 20
72 89.72 20
78 89.78 20
83 89.83 20
84 89.84 20
85 89.85 20
86 89.86 20
91 89.91 20
96 89.96 20
97 89.97 20
99 89.99 20
0 90.0 20
34 90.34 20
48 90.48 20
49 90.49 20
50 90.5 20
51 90.51 20
55 90.55 20
56 90.56 20
57 90.57 20
59 90.59 20
60 90.6 20
61 90.61 20
62 90.62 20
63 90.63 20
64 90.64 20
66 90.66 20
67 90.67 20
68 90.68 20
69 90.69 20
70 90.7 20
71 90.71 20
73 90.73 20
74 90.74 20
75 90.75 20
84 90.84 20
85 90.85 20
86 90.86 20
90 90.9 20
91 90.91 20
92 90.92 20
95 90.95 20
96 90.96 20
97 90.97 20
98 90.98 20
50 91.5 20
51 91.51 20
52 91.52 20
59 91.59 20
61 91.61 20
62 91.62 20
63 91.63 20
64 91.64 20
65 91.65 20
66 91.66 20
70 91.7 20
71 91.71 20
72 91.72 20
73 91.73 20
74 91.74 20
75 91.75 20
85 91.85 20
86 91.86 20
89 91.89 20
90 91.9 20
91 91.91 20
92 91.92 20
93 91.93 20
96 91.96 20
97 91.97 20
98 91.98 20
0 92.0 20
50 92.5 20
51 92.51 20
60 92.6 20
62 92.62 20
63 92.63 20
64 92.64 20
65 92.65 20
66 92.66 20
67 92.67 20
68 92.68 20
69 92.69 20
70 92.7 20
71 92.71 20
72 92.72 20
74 92.74 20
75 92.75 20
76 92.76 20
77 92.77 20
78 92.78 20
80 92.8 20
81 92.81 20
85 92.85 20
90 92.9 20
91 92.91 20
92 92.92 20
93 92.93 20
0 93.0 20
63 93.63 20
64 93.64 20
65 93.65 20
67 93.67 20
68 93.68 20
69 93.69 20
70 93.7 20
71 93.71 20
72 93.72 20
73 93.73 20
74 93.74 20
76 93.76 20
77 93.77 20
78 93.78 20
80 93.8 20
81 93.81 20
91 93.91 20
96 93.96 20
97 93.97 20
98 93.98 20
99 93.99 20
0 94.0 20
60 94.6 20
61 94.61 20
67 94.67 20
68 94.68 20
69 94.69 20
70 94.7 20
71 94.71 20
72 94.72 20
73 94.73 20
74 94.74 20
75 94.75 20
76 94.76 20
77 94.77 20
78 94.78 20
81 94.81 20
82 94.82 20
83 94.83 20
84 94.84 20
85 94.85 20
90 94.9 20
91 94.91 20
97 94.97 20
60 95.6 20
61 95.61 20
62 95.62 20
67 95.67 20
68 95.68 20
69 95.69 20
70 95.7 20
71 95.71 20
74 95.74 20
75 95.75 20
76 95.76 20
77 95.77 20
81 95.81 20
82 95.82 20
83 95.83 20
84 95.84 20
85 95.85 20
90 95.9 20
91 95.91 20
61 96.61 20
62 96.62 20
67 96.67 20
68 96.68 20
69 96.69 20
70 96.7 20
71 96.71 20
72 96.72 20
73 96.73 20
74 96.74 20
75 96.75 20
76 96.76 20
77 96.77 20
78 96.78 20
81 96.81 20
82 96.82 20
83 96.83 20
84 96.84 20
90 96.9 20
91 96.91 20
92 96.92 20
93 96.93 20
68 97.68 20
69 97.69 20
70 97.7 20
71 97.71 20
72 97.72 20
73 97.73 20
74 97.74 20
77 97.77 20
78 97.78 20
79 97.79 20
81 97.81 20
83 97.83 20
84 97.84 20
85 97.85 20
86 97.86 20
87 97.87 20
91 97.91 20
92 97.92 20
93 97.93 20
94 97.94 20
96 97.96 20
97 97.97 20
98 97.98 20
68 98.68 20
69 98.69 20
70 98.7 20
71 98.71 20
72 98.72 20
74 98.74 20
75 98.75 20
77 98.77 20
78 98.78 20
80 98.8 20
81 98.81 20
84 98.84 20
85 98.85 20
86 98.86 20
87 98.87 20
89 98.89 20
90 98.9 20
91 98.91 20
92 98.92 20
93 98.93 20
94 98.94 20
95 98.95 20
96 98.96 20
97 98.97 20
98 98.98 20
67 99.67 20
71 99.71 20
72 99.72 20
76 99.76 20
77 99.77 20
78 99.78 20
79 99.79 20
80 99.8 20
81 99.81 20
84 99.84 20
85 99.85 20
86 99.86 20
87 99.87 20
88 99.88 20
89 99.89 20
90 99.9 20
91 99.91 20
92 99.92 20
93 99.93 20
94 99.94 20
95 99.95 20
96 99.96 20
97 99.97 20
98 99.98 20
1 64.01 30
1 65.01 30
1 66.01 30
2 66.02 30
1 67.01 30
92 45.92 40
90 46.9 40
92 46.92 40
93 46.93 40
90 47.9 40
91 47.91 40
92 48.92 40
89 51.89 50
90 51.9 50
91 51.91 50
88 52.88 50
89 52.89 50
90 52.9 50
18 65.18 60
19 65.19 60
20 65.2 60
18 66.18 60
19 66.19 60
20 66.2 60
21 66.21 60
18 67.18 60
19 67.19 60
20 67.2 60
81 87.81 70
80 88.8 70
81 88.81 70
82 88.82 70
75 46.75 80
76 46.76 80
17 60.17 90
18 60.18 90
19 60.19 90
20 60.2 90
17 61.17 90
53 90.53 100
54 90.54 100
53 91.53 100
54 91.54 100
90 63.9 110
91 63.91 110
90 64.9 110
91 64.91 110
90 65.9 110
91 65.91 110
44 0.44 120
45 0.45 120
46 0.46 120
32 91.32 130
33 91.33 130
31 92.31 130
32 92.32 130
17 73.17 140
18 73.18 140
16 74.16 140
17 74.17 140
18 74.18 140
16 75.16 140
17 75.17 140
56 34.56 150
57 34.57 150
28 74.28 160
27 75.27 160
28 75.28 160
27 76.27 160
28 76.28 160
45 78.45 170
45 79.45 170
51 16.51 180
51 17.51 180
18 33.18 190
19 33.19 190
18 34.18 190
87 92.87 200
88 92.88 200
24 99.24 210
25 99.25 210
37 58.37 220
39 58.39 220
38 59.38 220
49 16.49 230
49 17.49 230
77 66.77 240
78 66.78 240
76 67.76 240
77 67.77 240
78 67.78 240
96 60.96 250
95 61.95 250
96 61.96 250
97 61.97 250
38 64.38 260
39 64.39 260
40 64.4 260
88 65.88 270
88 66.88 270
89 66.89 270
97 66.97 280
98 66.98 280
59 76.59 290
60 77.6 290
38 44.38 300
39 44.39 300
38 45.38 300
39 45.39 300
43 59.43 310
44 59.44 310
43 60.43 310
48 83.48 320
49 83.49 320
46 97.46 330
47 97.47 330
48 97.48 330
46 98.46 330
47 98.47 330
91 85.91 340
91 86.91 340
20 77.2 350
18 78.18 350
19 78.19 350
67 77.67 360
68 77.68 360
84 70.84 370
85 70.85 370
86 70.86 370
59 36.59 380
60 36.6 380
75 86.75 390
74 87.74 390
75 87.75 390
74 88.74 390
64 60.64 400
64 61.64 400
65 61.65 400
64 62.64 400
65 62.65 400
